-.96020	14007.6
-.91219	11812.2
-.86418	9906.28
-.81617	8267.43
-.76816	6866.11
-.72015	5671.83
-.67214	4656.39
-.62413	3794.98
-.57612	3066.1
-.52811	2451.24
-.48010	1934.48
-.43209	1502.13
-.38408	1142.51
-.33607	845.68
-.28806	603.38
-.24005	408.76
-.19204	256.37
-.14403	141.97
-.13442	123.36
-.12482	106.11
-.11522	90.21
-.10562	75.65
-.09602	62.41
-.08641	50.47
-.07681	39.81
-.06721	30.44
-.05761	22.34
-.04801	15.5
-.03840	9.92
-.02880	5.58
-.01920	2.48
-.00960	0.62
0	0
0	0
.00960	0.62
.01920	2.48
.02880	5.58
.03840	9.92
.04801	15.5
.05761	22.34
.06721	30.44
.07681	39.81
.08641	50.47
.09602	62.41
.10562	75.65
.11522	90.21
.12482	106.11
.13442	123.36
.14403	141.97
.19204	256.37
.24005	408.76
.28806	603.38
.33607	845.68
.38408	1142.51
.43209	1502.13
.48010	1934.48
.52811	2451.24
.57612	3066.1
.62413	3794.98
.67214	4656.39
.72015	5671.83
.76816	6866.11
.81617	8267.43
.86418	9906.28
.91219	11812.2
.96020	14007.6
