-.96850	11900.4	-.96850	11939.9	-.96850	11957.4
-.92007	10080.3	-.92007	10116	-.92007	10138.1
-.87165	8509.43	-.87165	8539.64	-.87165	8562.79
-.82322	7151.34	-.82322	7175.93	-.82322	7198.01
-.77480	5977.81	-.77480	5997.62	-.77480	6017.79
-.72637	4965.82	-.72637	4982.09	-.72637	5000.23
-.67795	4095.87	-.67795	4109.68	-.67795	4125.89
-.62952	3350.87	-.62952	3362.85	-.62952	3377.26
-.58110	2715.48	-.58110	2725.94	-.58110	2738.65
-.53267	2175.98	-.53267	2185.02	-.53267	2196.08
-.48425	1720.11	-.48425	1727.77	-.48425	1737.23
-.43582	1337.08	-.43582	1343.4	-.43582	1351.31
-.38740	1017.47	-.38740	1022.5	-.38740	1028.93
-.33897	753.12	-.33897	756.97	-.33897	762.01
-.29055	537.09	-.29055	539.89	-.29055	543.68
-.24212	363.53	-.24212	365.45	-.24212	368.12
-.19370	227.69	-.19370	228.88	-.19370	230.62
-.14527	125.78	-.14527	126.43	-.14527	127.42
-.13559	109.2	-.13559	109.77	-.13559	110.63
-.12590	93.84	-.12590	94.33	-.12590	95.08
-.11622	79.69	-.11622	80.11	-.11622	80.74
-.10653	66.73	-.10653	67.08	-.10653	67.61
-.09685	54.95	-.09685	55.23	-.09685	55.67
-.08716	44.32	-.08716	44.55	-.08716	44.91
-.07748	34.85	-.07748	35.03	-.07748	35.31
-.06779	26.52	-.06779	26.65	-.06779	26.87
-.05811	19.31	-.05811	19.41	-.05811	19.57
-.04842	13.23	-.04842	13.3	-.04842	13.4
-.03874	8.26	-.03874	8.3	-.03874	8.37
-.02905	4.4	-.02905	4.42	-.02905	4.46
-.01937	1.65	-.01937	1.66	-.01937	1.67
-.00968	0	-.00968	0	-.00968	0
.00968	0	.00968	0	.00968	0
.01937	1.65	.01937	1.66	.01937	1.67
.02905	4.4	.02905	4.42	.02905	4.46
.03874	8.26	.03874	8.3	.03874	8.37
.04842	13.23	.04842	13.3	.04842	13.4
.05811	19.31	.05811	19.41	.05811	19.57
.06779	26.52	.06779	26.65	.06779	26.87
.07748	34.85	.07748	35.03	.07748	35.31
.08716	44.32	.08716	44.55	.08716	44.91
.09685	54.95	.09685	55.23	.09685	55.67
.10653	66.73	.10653	67.08	.10653	67.61
.11622	79.69	.11622	80.11	.11622	80.74
.12590	93.84	.12590	94.33	.12590	95.08
.13559	109.2	.13559	109.77	.13559	110.63
.14527	125.78	.14527	126.43	.14527	127.42
.19370	227.69	.19370	228.88	.19370	230.62
.24212	363.53	.24212	365.45	.24212	368.12
.29055	537.09	.29055	539.89	.29055	543.68
.33897	753.12	.33897	756.97	.33897	762.01
.38740	1017.47	.38740	1022.5	.38740	1028.93
.43582	1337.08	.43582	1343.4	.43582	1351.31
.48425	1720.11	.48425	1727.77	.48425	1737.23
.53267	2175.98	.53267	2185.02	.53267	2196.08
.58110	2715.48	.58110	2725.94	.58110	2738.65
.62952	3350.87	.62952	3362.85	.62952	3377.26
.67795	4095.87	.67795	4109.68	.67795	4125.89
.72637	4965.82	.72637	4982.09	.72637	5000.23
.77480	5977.81	.77480	5997.62	.77480	6017.79
.82322	7151.34	.82322	7175.93	.82322	7198.01
.87165	8509.43	.87165	8539.64	.87165	8562.79
.92007	10080.3	.92007	10116	.92007	10138.1
.96850	11900.4	.96850	11939.9	.96850	11957.4
