-.10653	66.73	-.10653	67.08	-.10653	67.61
-.09685	54.95	-.09685	55.23	-.09685	55.67
-.08716	44.32	-.08716	44.55	-.08716	44.91
-.07748	34.85	-.07748	35.03	-.07748	35.31
-.06779	26.52	-.06779	26.65	-.06779	26.87
-.05811	19.31	-.05811	19.41	-.05811	19.57
-.04842	13.23	-.04842	13.3	-.04842	13.4
-.03874	8.26	-.03874	8.3	-.03874	8.37
-.02905	4.4	-.02905	4.42	-.02905	4.46
-.01937	1.65	-.01937	1.66	-.01937	1.67
-.00968	0	-.00968	0	-.00968	0
.00968	0	.00968	0	.00968	0
.01937	1.65	.01937	1.66	.01937	1.67
.02905	4.4	.02905	4.42	.02905	4.46
.03874	8.26	.03874	8.3	.03874	8.37
.04842	13.23	.04842	13.3	.04842	13.4
.05811	19.31	.05811	19.41	.05811	19.57
.06779	26.52	.06779	26.65	.06779	26.87
.07748	34.85	.07748	35.03	.07748	35.31
.08716	44.32	.08716	44.55	.08716	44.91
.09685	54.95	.09685	55.23	.09685	55.67
.10653	66.73	.10653	67.08	.10653	67.61
