-.96850  2.13032    -.96850  2.05162    -.96850  1.91652
-.92007  1.97229    -.92007  1.90135    -.92007  1.77659
-.87165  1.8108     -.87165  1.74893    -.87165  1.63532
-.82322  1.65257    -.82322  1.59891    -.82322  1.49564
-.77480  1.50118    -.77480  1.45311    -.77480  1.35861
-.72637  1.35662    -.72637  1.3114     -.72637  1.22425
-.67795  1.21704    -.67795  1.173      -.67795  1.09216
-.62952  1.08067    -.62952  1.03726    -.62952  0.962188
-.58110  0.946538   -.58110  0.903968   -.58110  0.834439
-.53267  0.814527   -.53267  0.773376   -.53267  0.709363
-.48425  0.68518    -.48425  0.646132   -.48425  0.587709
-.43582  0.559529   -.43582  0.523239   -.43582  0.470529
-.38740  0.439052   -.38740  0.406074   -.38740  0.359188
-.33897  0.325641   -.33897  0.296389   -.33897  0.255416
-.29055  0.221631   -.29055  0.196387   -.29055  0.161394
-.24212  0.129875   -.24212  0.108809   -.24212  0.079821
-.19370  0.053807   -.19370  0.036989   -.19370  0.013997
-.14527  -0.00249   -.14527  -0.015056  -.14527  -0.032106
-.13559  -0.010964  -.13559  -0.022692  -.13559  -0.03856
-.12590  -0.018423  -.12590  -0.029298  -.12590  -0.043992
-.11622  -0.024807  -.11622  -0.034839  -.11622  -0.048364
-.10653  -0.030079  -.10653  -0.039269  -.10653  -0.051629
-.09685  -0.03419   -.09685  -0.04254   -.09685  -0.053742
-.08716  -0.037094  -.08716  -0.044605  -.08716  -0.054653
-.07748  -0.038739  -.07748  -0.045414  -.07748  -0.054314
-.06779  -0.039074  -.06779  -0.044912  -.06779  -0.052673
-.05811  -0.038045  -.05811  -0.043048  -.05811  -0.049675
-.04842  -0.035596  -.04842  -0.039767  -.04842  -0.045268
-.03874  -0.031672  -.03874  -0.035009  -.03874  -0.039393
-.02905  -0.026214  -.02905  -0.028717  -.02905  -0.031991
-.01937  -0.019159  -.01937  -0.020828  -.01937  -0.023001
-.00968  -0.010442  -.00968  -0.011277  -.00968  -0.012359
.00968   0.010442   .00968   0.011277   .00968   0.012359
.01937   0.019159   .01937   0.020828   .01937   0.023001
.02905   0.026214   .02905   0.028717   .02905   0.031991
.03874   0.031672   .03874   0.035009   .03874   0.039393
.04842   0.035596   .04842   0.039767   .04842   0.045268
.05811   0.038045   .05811   0.043048   .05811   0.049675
.06779   0.039074   .06779   0.044912   .06779   0.052673
.07748   0.038739   .07748   0.045414   .07748   0.054314
.08716   0.037094   .08716   0.044605   .08716   0.054653
.09685   0.034190   .09685   0.042540   .09685   0.053742
.10653   0.030079   .10653   0.039269   .10653   0.051629
.11622   0.024807   .11622   0.034839   .11622   0.048364
.12590   0.018423   .12590   0.029298   .12590   0.043992
.13559   0.010964   .13559   0.022692   .13559   0.038560
.14527   0.002490   .14527   0.015056   .14527   0.032106
.19370   -0.053807  .19370   -0.036989  .19370   -0.013997
.24212   -0.129875  .24212   -0.108809  .24212   -0.079821
.29055   -0.221631  .29055   -0.196387  .29055   -0.161394
.33897   -0.325641  .33897   -0.296389  .33897   -0.255416
.38740   -0.439052  .38740   -0.406074  .38740   -0.359188
.43582   -0.559529  .43582   -0.523239  .43582   -0.470529
.48425   -0.685180  .48425   -0.646132  .48425   -0.587709
.53267   -0.814527  .53267   -0.773376  .53267   -0.709363
.58110   -0.946538  .58110   -0.903968  .58110   -0.834439
.62952   -1.080671  .62952   -1.037259  .62952   -0.962188
.67795   -1.217045  .67795   -1.173002  .67795   -1.092164
.72637   -1.356619  .72637   -1.311402  .72637   -1.224248
.77480   -1.501178  .77480   -1.453107  .77480   -1.358608
.82322   -1.652567  .82322   -1.598911  .82322   -1.495637
.87165   -1.810804  .87165   -1.748934  .87165   -1.635325
.92007   -1.972287  .92007   -1.901350  .92007   -1.776595
.96850   -2.130321  .96850   -2.051620  .96850   -1.916523
