-.96850	11957.9
-.92007	10138.6
-.87165	8563.35
-.82322	7198.57
-.77480	6018.35
-.72637	5000.79
-.67795	4126.45
-.62952	3377.82
-.58110	2739.21
-.53267	2196.64
-.48425	1737.79
-.43582	1351.87
-.38740	1029.49
-.33897	762.57
-.29055	544.24
-.24212	368.68
-.19370	231.18
-.14527	127.98
-.13559	111.19
-.12590	95.64
-.11622	81.3
-.10653	68.17
-.09685	56.23
-.08716	45.47
-.07748	35.87
-.06779	27.43
-.05811	20.13
-.04842	13.96
-.03874	8.93
-.02905	5.02
-.01937	2.23
-.00968	0.56
0	0
0	0
.00968	0.56
.01937	2.23
.02905	5.02
.03874	8.93
.04842	13.96
.05811	20.13
.06779	27.43
.07748	35.87
.08716	45.47
.09685	56.23
.10653	68.17
.11622	81.3
.12590	95.64
.13559	111.19
.14527	127.98
.19370	231.18
.24212	368.68
.29055	544.24
.33897	762.57
.38740	1029.49
.43582	1351.87
.48425	1737.79
.53267	2196.64
.58110	2739.21
.62952	3377.82
.67795	4126.45
.72637	5000.79
.77480	6018.35
.82322	7198.57
.87165	8563.35
.92007	10138.6
.96850	11957.9
