-.96850  54.8271     -.96850  54.4463     -.96850  53.7528     -0.3808    -1.0743
-.92007  48.3651     -.92007  48.1587     -.92007  47.5522     -0.2064    -0.8129
-.87165  42.1875     -.87165  42.0878     -.87165  41.6428     -0.0997    -0.5447
-.82322  36.4846     -.82322  36.4345     -.82322  36.1317     -0.0501    -0.3529
-.77480  31.3837     -.77480  31.3558     -.77480  31.1461     -0.0279    -0.2376
-.72637  26.9046     -.72637  26.8881     -.72637  26.7339     -0.0165    -0.1707
-.67795  23.0059     -.67795  22.9964     -.67795  22.8754     -0.0095    -0.1305
-.62952  19.6235     -.62952  19.6192     -.62952  19.5192     -0.0043    -0.1043
-.58110  16.6916     -.58110  16.6915     -.58110  16.6057     -0.0001    -0.0859
-.53267  14.1495     -.53267  14.1531     -.53267  14.0779     0.0036     -0.0716
-.48425  11.9439     -.48425  11.9505     -.48425  11.8841     0.0066     -0.0598
-.43582  10.0278     -.43582  10.0369     -.43582  9.9782      0.0091     -0.0496
-.38740  8.35923     -.38740  8.37007     -.38740  8.31867     0.01084    -0.04056
-.33897  6.90081     -.33897  6.91249     -.33897  6.8681      0.01168    -0.03271
-.29055  5.61831     -.29055  5.62981     -.29055  5.59224     0.0115     -0.02607
-.24212  4.47989     -.24212  4.49025     -.24212  4.45934     0.01036    -0.02055
-.19370  3.45612     -.19370  3.4646      -.19370  3.44016     0.00848    -0.01596
-.14527  2.51994     -.14527  2.5261      -.14527  2.50796     0.00616    -0.01198
-.13559  2.34097     -.13559  2.34666     -.13559  2.32977     0.00569    -0.0112
-.12590  2.16432     -.12590  2.16956     -.12590  2.1539      0.00524    -0.01042
-.11622  1.98982     -.11622  1.9946      -.11622  1.98017     0.00478    -0.00965
-.10653  1.81728     -.10653  1.82161     -.10653  1.8084      0.00433    -0.00888
-.09685  1.64652     -.09685  1.65041     -.09685  1.63842     0.00389    -0.0081
-.08716  1.47736     -.08716  1.48082     -.08716  1.47004     0.00346    -0.00732
-.07748  1.30963     -.07748  1.31266     -.07748  1.30309     0.00303    -0.00654
-.06779  1.14316     -.06779  1.14579     -.06779  1.13742     0.00263    -0.00574
-.05811  0.977822    -.05811  0.980052    -.05811  0.972885    0.00223    -0.004937
-.04842  0.813421    -.04842  0.81526     -.04842  0.809291    0.001839   -0.00413
-.03874  0.649804    -.03874  0.651263    -.03874  0.646493    0.001459   -0.003311
-.02905  0.486805    -.02905  0.487895    -.02905  0.484318    0.00109    -0.002487
-.01937  0.324281    -.01937  0.325006    -.01937  0.322615    0.000725   -0.001666
-.00968  0.162067    -.00968  0.162427    -.00968  0.161234    0.00036    -0.000833
.00968   -0.162067   .00968   -0.162427   .00968   -0.161234   -0.00036   0.000833
.01937   -0.324281   .01937   -0.325006   .01937   -0.322615   -0.000725  0.001666
.02905   -0.486805   .02905   -0.487895   .02905   -0.484318   -0.00109   0.002487
.03874   -0.649804   .03874   -0.651263   .03874   -0.646493   -0.001459  0.003311
.04842   -0.813421   .04842   -0.815260   .04842   -0.809291   -0.001839  0.00413
.05811   -0.977822   .05811   -0.980052   .05811   -0.972885   -0.00223   0.004937
.06779   -1.143165   .06779   -1.145791   .06779   -1.137423   -0.002626  0.005742
.07748   -1.309627   .07748   -1.312664   .07748   -1.303090   -0.003037  0.006537
.08716   -1.477363   .08716   -1.480823   .08716   -1.470041   -0.00346   0.007322
.09685   -1.646518   .09685   -1.650412   .09685   -1.638417   -0.003894  0.008101
.10653   -1.817279   .10653   -1.821611   .10653   -1.808399   -0.004332  0.00888
.11622   -1.989823   .11622   -1.994604   .11622   -1.980170   -0.004781  0.009653
.12590   -2.164325   .12590   -2.169562   .12590   -2.153896   -0.005237  0.010429
.13559   -2.340971   .13559   -2.346663   .13559   -2.329769   -0.005692  0.011202
.14527   -2.519939   .14527   -2.526096   .14527   -2.507962   -0.006157  0.011977
.19370   -3.456120   .19370   -3.464597   .19370   -3.440164   -0.008477  0.015956
.24212   -4.479891   .24212   -4.490254   .24212   -4.459341   -0.010363  0.02055
.29055   -5.618312   .29055   -5.629806   .29055   -5.592244   -0.011494  0.026068
.33897   -6.900808   .33897   -6.912485   .33897   -6.868097   -0.011677  0.032711
.38740   -8.359229   .38740   -8.370071   .38740   -8.318671   -0.010842  0.040558
.43582   -10.027767  .43582   -10.036864  .43582   -9.978204   -0.009097  0.049563
.48425   -11.943945  .48425   -11.950542  .48425   -11.884140  -0.006597  0.059805
.53267   -14.149535  .53267   -14.153052  .53267   -14.077923  -0.003517  0.071612
.58110   -16.691604  .58110   -16.691499  .58110   -16.605721  0.000105   0.085883
.62952   -19.623544  .62952   -19.619212  .62952   -19.519180  0.004332   0.104364
.67795   -23.005854  .67795   -22.996388  .67795   -22.875383  0.009466   0.130471
.72637   -26.904591  .72637   -26.888079  .72637   -26.733866  0.016512   0.170725
.77480   -31.383686  .77480   -31.355766  .77480   -31.146084  0.02792    0.237602
.82322   -36.484644  .82322   -36.434530  .82322   -36.131731  0.050114   0.352913
.87165   -42.187536  .87165   -42.087801  .87165   -41.642789  0.099735   0.544747
.92007   -48.365127  .92007   -48.158736  .92007   -47.552159  0.206391   0.812968
.96850   -54.827125  .96850   -54.446312  .96850   -53.752830  0.380813   1.07429
