-.96850  2.13032    -.96850  2.05162    -.96850  1.91652    -0.0787    -0.2138
-.92007  1.97229    -.92007  1.90135    -.92007  1.77659    -0.07094   -0.1957
-.87165  1.8108     -.87165  1.74893    -.87165  1.63532    -0.06187   -0.17548
-.82322  1.65257    -.82322  1.59891    -.82322  1.49564    -0.05366   -0.15693
-.77480  1.50118    -.77480  1.45311    -.77480  1.35861    -0.04807   -0.14257
-.72637  1.35662    -.72637  1.3114     -.72637  1.22425    -0.04522   -0.13237
-.67795  1.21704    -.67795  1.173      -.67795  1.09216    -0.04404   -0.12488
-.62952  1.08067    -.62952  1.03726    -.62952  0.962188   -0.04341   -0.118482
-.58110  0.946538   -.58110  0.903968   -.58110  0.834439   -0.04257   -0.112099
-.53267  0.814527   -.53267  0.773376   -.53267  0.709363   -0.041151  -0.105164
-.48425  0.68518    -.48425  0.646132   -.48425  0.587709   -0.039048  -0.097471
-.43582  0.559529   -.43582  0.523239   -.43582  0.470529   -0.03629   -0.089
-.38740  0.439052   -.38740  0.406074   -.38740  0.359188   -0.032978  -0.079864
-.33897  0.325641   -.33897  0.296389   -.33897  0.255416   -0.029252  -0.070225
-.29055  0.221631   -.29055  0.196387   -.29055  0.161394   -0.025244  -0.060237
-.24212  0.129875   -.24212  0.108809   -.24212  0.079821   -0.021066  -0.050054
-.19370  0.053807   -.19370  0.036989   -.19370  0.013997   -0.016818  -0.03981
-.14527  -0.00249   -.14527  -0.015056  -.14527  -0.032106  -0.012566  -0.029616
-.13559  -0.010964  -.13559  -0.022692  -.13559  -0.03856   -0.011728  -0.027596
-.12590  -0.018423  -.12590  -0.029298  -.12590  -0.043992  -0.010875  -0.025569
-.11622  -0.024807  -.11622  -0.034839  -.11622  -0.048364  -0.010032  -0.023557
-.10653  -0.030079  -.10653  -0.039269  -.10653  -0.051629  -0.00919   -0.02155
-.09685  -0.03419   -.09685  -0.04254   -.09685  -0.053742  -0.00835   -0.019552
-.08716  -0.037094  -.08716  -0.044605  -.08716  -0.054653  -0.007511  -0.017559
-.07748  -0.038739  -.07748  -0.045414  -.07748  -0.054314  -0.006675  -0.015575
-.06779  -0.039074  -.06779  -0.044912  -.06779  -0.052673  -0.005838  -0.013599
-.05811  -0.038045  -.05811  -0.043048  -.05811  -0.049675  -0.005003  -0.01163
-.04842  -0.035596  -.04842  -0.039767  -.04842  -0.045268  -0.004171  -0.009672
-.03874  -0.031672  -.03874  -0.035009  -.03874  -0.039393  -0.003337  -0.007721
-.02905  -0.026214  -.02905  -0.028717  -.02905  -0.031991  -0.002503  -0.005777
-.01937  -0.019159  -.01937  -0.020828  -.01937  -0.023001  -0.001669  -0.003842
-.00968  -0.010442  -.00968  -0.011277  -.00968  -0.012359  -0.000835  -0.001917
.00968   0.010442   .00968   0.011277   .00968   0.012359   0.000835   0.001917
.01937   0.019159   .01937   0.020828   .01937   0.023001   0.001669   0.003842
.02905   0.026214   .02905   0.028717   .02905   0.031991   0.002503   0.005777
.03874   0.031672   .03874   0.035009   .03874   0.039393   0.003337   0.007721
.04842   0.035596   .04842   0.039767   .04842   0.045268   0.004171   0.009672
.05811   0.038045   .05811   0.043048   .05811   0.049675   0.005003   0.01163
.06779   0.039074   .06779   0.044912   .06779   0.052673   0.005838   0.013599
.07748   0.038739   .07748   0.045414   .07748   0.054314   0.006675   0.015575
.08716   0.037094   .08716   0.044605   .08716   0.054653   0.007511   0.017559
.09685   0.034190   .09685   0.042540   .09685   0.053742   0.00835    0.019552
.10653   0.030079   .10653   0.039269   .10653   0.051629   0.00919    0.02155
.11622   0.024807   .11622   0.034839   .11622   0.048364   0.010032   0.023557
.12590   0.018423   .12590   0.029298   .12590   0.043992   0.010875   0.025569
.13559   0.010964   .13559   0.022692   .13559   0.038560   0.011728   0.027596
.14527   0.002490   .14527   0.015056   .14527   0.032106   0.012566   0.029616
.19370   -0.053807  .19370   -0.036989  .19370   -0.013997  0.016818   0.03981
.24212   -0.129875  .24212   -0.108809  .24212   -0.079821  0.021066   0.050054
.29055   -0.221631  .29055   -0.196387  .29055   -0.161394  0.025244   0.060237
.33897   -0.325641  .33897   -0.296389  .33897   -0.255416  0.029252   0.070225
.38740   -0.439052  .38740   -0.406074  .38740   -0.359188  0.032978   0.079864
.43582   -0.559529  .43582   -0.523239  .43582   -0.470529  0.03629    0.089
.48425   -0.685180  .48425   -0.646132  .48425   -0.587709  0.039048   0.097471
.53267   -0.814527  .53267   -0.773376  .53267   -0.709363  0.041151   0.105164
.58110   -0.946538  .58110   -0.903968  .58110   -0.834439  0.04257    0.112099
.62952   -1.080671  .62952   -1.037259  .62952   -0.962188  0.043412   0.118483
.67795   -1.217045  .67795   -1.173002  .67795   -1.092164  0.044043   0.124881
.72637   -1.356619  .72637   -1.311402  .72637   -1.224248  0.045217   0.132371
.77480   -1.501178  .77480   -1.453107  .77480   -1.358608  0.048071   0.14257
.82322   -1.652567  .82322   -1.598911  .82322   -1.495637  0.053656   0.15693
.87165   -1.810804  .87165   -1.748934  .87165   -1.635325  0.06187    0.175479
.92007   -1.972287  .92007   -1.901350  .92007   -1.776595  0.070937   0.195692
.96850   -2.130321  .96850   -2.051620  .96850   -1.916523  0.078701   0.213798
