-.96850	15994.2	-.96850	16031.8	-.96850	16047.4
-.92007	13578.4	-.92007	13609.9	-.92007	13637.2
-.87165	11459.2	-.87165	11484.2	-.87165	11515.2
-.82322	9618.83	-.82322	9639.14	-.82322	9668.98
-.77480	8031.66	-.77480	8048.88	-.77480	8075.82
-.72637	6668.8	-.72637	6683.79	-.72637	6707.77
-.67795	5501.94	-.67795	5515.15	-.67795	5536.51
-.62952	4505.38	-.62952	4517.05	-.62952	4536.08
-.58110	3656.48	-.58110	3666.72	-.58110	3683.64
-.53267	2935.59	-.53267	2944.49	-.53267	2959.39
-.48425	2325.72	-.48425	2333.33	-.48425	2346.28
-.43582	1812.22	-.43582	1818.6	-.43582	1829.62
-.38740	1382.55	-.38740	1387.76	-.38740	1396.88
-.33897	1025.98	-.33897	1030.08	-.33897	1037.37
-.29055	733.53	-.29055	736.61	-.29055	742.16
-.24212	497.68	-.24212	499.85	-.24212	503.82
-.19370	312.36	-.19370	313.76	-.19370	316.36
-.14527	172.87	-.14527	173.64	-.14527	175.13
-.13559	150.13	-.13559	150.81	-.13559	152.11
-.12590	129.06	-.12590	129.64	-.12590	130.76
-.11622	109.63	-.11622	110.12	-.11622	111.08
-.10653	91.83	-.10653	92.24	-.10653	93.04
-.09685	75.63	-.09685	75.97	-.09685	76.64
-.08716	61.02	-.08716	61.29	-.08716	61.84
-.07748	47.99	-.07748	48.2	-.07748	48.63
-.06779	36.52	-.06779	36.68	-.06779	37
-.05811	26.6	-.05811	26.71	-.05811	26.95
-.04842	18.23	-.04842	18.3	-.04842	18.47
-.03874	11.38	-.03874	11.43	-.03874	11.53
-.02905	6.07	-.02905	6.09	-.02905	6.15
-.01937	2.28	-.01937	2.28	-.01937	2.3
-.00968	0	-.00968	0	-.00968	0
.00968	0	.00968	0	.00968	0
.01937	2.28	.01937	2.28	.01937	2.3
.02905	6.07	.02905	6.09	.02905	6.15
.03874	11.38	.03874	11.43	.03874	11.53
.04842	18.23	.04842	18.3	.04842	18.47
.05811	26.6	.05811	26.71	.05811	26.95
.06779	36.52	.06779	36.68	.06779	37
.07748	47.99	.07748	48.2	.07748	48.63
.08716	61.02	.08716	61.29	.08716	61.84
.09685	75.63	.09685	75.97	.09685	76.64
.10653	91.83	.10653	92.24	.10653	93.04
.11622	109.63	.11622	110.12	.11622	111.08
.12590	129.06	.12590	129.64	.12590	130.76
.13559	150.13	.13559	150.81	.13559	152.11
.14527	172.87	.14527	173.64	.14527	175.13
.19370	312.36	.19370	313.76	.19370	316.36
.24212	497.68	.24212	499.85	.24212	503.82
.29055	733.53	.29055	736.61	.29055	742.16
.33897	1025.98	.33897	1030.08	.33897	1037.37
.38740	1382.55	.38740	1387.76	.38740	1396.88
.43582	1812.22	.43582	1818.6	.43582	1829.62
.48425	2325.72	.48425	2333.33	.48425	2346.28
.53267	2935.59	.53267	2944.49	.53267	2959.39
.58110	3656.48	.58110	3666.72	.58110	3683.64
.62952	4505.38	.62952	4517.05	.62952	4536.08
.67795	5501.94	.67795	5515.15	.67795	5536.51
.72637	6668.8	.72637	6683.79	.72637	6707.77
.77480	8031.66	.77480	8048.88	.77480	8075.82
.82322	9618.83	.82322	9639.14	.82322	9668.98
.87165	11459.2	.87165	11484.2	.87165	11515.2
.92007	13578.4	.92007	13609.9	.92007	13637.2
.96850	15994.2	.96850	16031.8	.96850	16047.4
