-.96850	16048.2
-.92007	13637.9
-.87165	11516
-.82322	9669.75
-.77480	8076.59
-.72637	6708.54
-.67795	5537.28
-.62952	4536.85
-.58110	3684.41
-.53267	2960.16
-.48425	2347.05
-.43582	1830.39
-.38740	1397.65
-.33897	1038.14
-.29055	742.93
-.24212	504.59
-.19370	317.13
-.14527	175.9
-.13559	152.88
-.12590	131.53
-.11622	111.85
-.10653	93.81
-.09685	77.41
-.08716	62.61
-.07748	49.4
-.06779	37.77
-.05811	27.72
-.04842	19.24
-.03874	12.3
-.02905	6.92
-.01937	3.07
-.00968	0.77
0	0
0	0
.00968	0.77
.01937	3.07
.02905	6.92
.03874	12.3
.04842	19.24
.05811	27.72
.06779	37.77
.07748	49.4
.08716	62.61
.09685	77.41
.10653	93.81
.11622	111.85
.12590	131.53
.13559	152.88
.14527	175.9
.19370	317.13
.24212	504.59
.29055	742.93
.33897	1038.14
.38740	1397.65
.43582	1830.39
.48425	2347.05
.53267	2960.16
.58110	3684.41
.62952	4536.85
.67795	5537.28
.72637	6708.54
.77480	8076.59
.82322	9669.75
.87165	11516
.92007	13637.9
.96850	16048.2
