-.96850  54.8271     -.96850  54.4463     -.96850  53.7528
-.92007  48.3651     -.92007  48.1587     -.92007  47.5522
-.87165  42.1875     -.87165  42.0878     -.87165  41.6428
-.82322  36.4846     -.82322  36.4345     -.82322  36.1317
-.77480  31.3837     -.77480  31.3558     -.77480  31.1461
-.72637  26.9046     -.72637  26.8881     -.72637  26.7339
-.67795  23.0059     -.67795  22.9964     -.67795  22.8754
-.62952  19.6235     -.62952  19.6192     -.62952  19.5192
-.58110  16.6916     -.58110  16.6915     -.58110  16.6057
-.53267  14.1495     -.53267  14.1531     -.53267  14.0779
-.48425  11.9439     -.48425  11.9505     -.48425  11.8841
-.43582  10.0278     -.43582  10.0369     -.43582  9.9782
-.38740  8.35923     -.38740  8.37007     -.38740  8.31867
-.33897  6.90081     -.33897  6.91249     -.33897  6.8681
-.29055  5.61831     -.29055  5.62981     -.29055  5.59224
-.24212  4.47989     -.24212  4.49025     -.24212  4.45934
-.19370  3.45612     -.19370  3.4646      -.19370  3.44016
-.14527  2.51994     -.14527  2.5261      -.14527  2.50796
-.13559  2.34097     -.13559  2.34666     -.13559  2.32977
-.12590  2.16432     -.12590  2.16956     -.12590  2.1539
-.11622  1.98982     -.11622  1.9946      -.11622  1.98017
-.10653  1.81728     -.10653  1.82161     -.10653  1.8084
-.09685  1.64652     -.09685  1.65041     -.09685  1.63842
-.08716  1.47736     -.08716  1.48082     -.08716  1.47004
-.07748  1.30963     -.07748  1.31266     -.07748  1.30309
-.06779  1.14316     -.06779  1.14579     -.06779  1.13742
-.05811  0.977822    -.05811  0.980052    -.05811  0.972885
-.04842  0.813421    -.04842  0.81526     -.04842  0.809291
-.03874  0.649804    -.03874  0.651263    -.03874  0.646493
-.02905  0.486805    -.02905  0.487895    -.02905  0.484318
-.01937  0.324281    -.01937  0.325006    -.01937  0.322615
-.00968  0.162067    -.00968  0.162427    -.00968  0.161234
.00968   -0.162067   .00968   -0.162427   .00968   -0.161234
.01937   -0.324281   .01937   -0.325006   .01937   -0.322615
.02905   -0.486805   .02905   -0.487895   .02905   -0.484318
.03874   -0.649804   .03874   -0.651263   .03874   -0.646493
.04842   -0.813421   .04842   -0.815260   .04842   -0.809291
.05811   -0.977822   .05811   -0.980052   .05811   -0.972885
.06779   -1.143165   .06779   -1.145791   .06779   -1.137423
.07748   -1.309627   .07748   -1.312664   .07748   -1.303090
.08716   -1.477363   .08716   -1.480823   .08716   -1.470041
.09685   -1.646518   .09685   -1.650412   .09685   -1.638417
.10653   -1.817279   .10653   -1.821611   .10653   -1.808399
.11622   -1.989823   .11622   -1.994604   .11622   -1.980170
.12590   -2.164325   .12590   -2.169562   .12590   -2.153896
.13559   -2.340971   .13559   -2.346663   .13559   -2.329769
.14527   -2.519939   .14527   -2.526096   .14527   -2.507962
.19370   -3.456120   .19370   -3.464597   .19370   -3.440164
.24212   -4.479891   .24212   -4.490254   .24212   -4.459341
.29055   -5.618312   .29055   -5.629806   .29055   -5.592244
.33897   -6.900808   .33897   -6.912485   .33897   -6.868097
.38740   -8.359229   .38740   -8.370071   .38740   -8.318671
.43582   -10.027767  .43582   -10.036864  .43582   -9.978204
.48425   -11.943945  .48425   -11.950542  .48425   -11.884140
.53267   -14.149535  .53267   -14.153052  .53267   -14.077923
.58110   -16.691604  .58110   -16.691499  .58110   -16.605721
.62952   -19.623544  .62952   -19.619212  .62952   -19.519180
.67795   -23.005854  .67795   -22.996388  .67795   -22.875383
.72637   -26.904591  .72637   -26.888079  .72637   -26.733866
.77480   -31.383686  .77480   -31.355766  .77480   -31.146084
.82322   -36.484644  .82322   -36.434530  .82322   -36.131731
.87165   -42.187536  .87165   -42.087801  .87165   -41.642789
.92007   -48.365127  .92007   -48.158736  .92007   -47.552159
.96850   -54.827125  .96850   -54.446312  .96850   -53.752830
