-.98010	10718.6
-.93109	9045.75
-.88209	7601.44
-.83308	6356.56
-.78408	5286.92
-.73507	4371.09
-.68607	3589.68
-.63706	2925.26
-.58806	2362.31
-.53905	1887.14
-.49005	1487.79
-.44104	1153.85
-.39204	876.38
-.34303	647.72
-.29403	461.42
-.24502	312.11
-.19602	195.48
-.14701	108.12
-.13721	93.92
-.12741	80.77
-.11761	68.66
-.10781	57.56
-.09801	47.48
-.08820	38.39
-.07840	30.28
-.06860	23.16
-.05880	16.99
-.04900	11.79
-.03920	7.54
-.02940	4.24
-.01960	1.89
-.00980	0.48
0	0
0	0
.00980	0.48
.01960	1.89
.02940	4.24
.03920	7.54
.04900	11.79
.05880	16.99
.06860	23.16
.07840	30.28
.08820	38.39
.09801	47.48
.10781	57.56
.11761	68.66
.12741	80.77
.13721	93.92
.14701	108.12
.19602	195.48
.24502	312.11
.29403	461.42
.34303	647.72
.39204	876.38
.44104	1153.85
.49005	1487.79
.53905	1887.14
.58806	2362.31
.63706	2925.26
.68607	3589.68
.73507	4371.09
.78408	5286.92
.83308	6356.56
.88209	7601.44
.93109	9045.75
.98010	10718.6-.98010	10718.6
-.93109	9045.75
-.88209	7601.44
-.83308	6356.56
-.78408	5286.92
-.73507	4371.09
-.68607	3589.68
-.63706	2925.26
-.58806	2362.31
-.53905	1887.14
-.49005	1487.79
-.44104	1153.85
-.39204	876.38
-.34303	647.72
-.29403	461.42
-.24502	312.11
-.19602	195.48
-.14701	108.12
-.13721	93.92
-.12741	80.77
-.11761	68.66
-.10781	57.56
-.09801	47.48
-.08820	38.39
-.07840	30.28
-.06860	23.16
-.05880	16.99
-.04900	11.79
-.03920	7.54
-.02940	4.24
-.01960	1.89
-.00980	0.48
0	0
0	0
.00980	0.48
.01960	1.89
.02940	4.24
.03920	7.54
.04900	11.79
.05880	16.99
.06860	23.16
.07840	30.28
.08820	38.39
.09801	47.48
.10781	57.56
.11761	68.66
.12741	80.77
.13721	93.92
.14701	108.12
.19602	195.48
.24502	312.11
.29403	461.42
.34303	647.72
.39204	876.38
.44104	1153.85
.49005	1487.79
.53905	1887.14
.58806	2362.31
.63706	2925.26
.68607	3589.68
.73507	4371.09
.78408	5286.92
.83308	6356.56
.88209	7601.44
.93109	9045.75
.98010	10718.6-.98010	10718.6
-.93109	9045.75
-.88209	7601.44
-.83308	6356.56
-.78408	5286.92
-.73507	4371.09
-.68607	3589.68
-.63706	2925.26
-.58806	2362.31
-.53905	1887.14
-.49005	1487.79
-.44104	1153.85
-.39204	876.38
-.34303	647.72
-.29403	461.42
-.24502	312.11
-.19602	195.48
-.14701	108.12
-.13721	93.92
-.12741	80.77
-.11761	68.66
-.10781	57.56
-.09801	47.48
-.08820	38.39
-.07840	30.28
-.06860	23.16
-.05880	16.99
-.04900	11.79
-.03920	7.54
-.02940	4.24
-.01960	1.89
-.00980	0.48
0	0
0	0
.00980	0.48
.01960	1.89
.02940	4.24
.03920	7.54
.04900	11.79
.05880	16.99
.06860	23.16
.07840	30.28
.08820	38.39
.09801	47.48
.10781	57.56
.11761	68.66
.12741	80.77
.13721	93.92
.14701	108.12
.19602	195.48
.24502	312.11
.29403	461.42
.34303	647.72
.39204	876.38
.44104	1153.85
.49005	1487.79
.53905	1887.14
.58806	2362.31
.63706	2925.26
.68607	3589.68
.73507	4371.09
.78408	5286.92
.83308	6356.56
.88209	7601.44
.93109	9045.75
.98010	10718.6-.98010	10718.6
-.93109	9045.75
-.88209	7601.44
-.83308	6356.56
-.78408	5286.92
-.73507	4371.09
-.68607	3589.68
-.63706	2925.26
-.58806	2362.31
-.53905	1887.14
-.49005	1487.79
-.44104	1153.85
-.39204	876.38
-.34303	647.72
-.29403	461.42
-.24502	312.11
-.19602	195.48
-.14701	108.12
-.13721	93.92
-.12741	80.77
-.11761	68.66
-.10781	57.56
-.09801	47.48
-.08820	38.39
-.07840	30.28
-.06860	23.16
-.05880	16.99
-.04900	11.79
-.03920	7.54
-.02940	4.24
-.01960	1.89
-.00980	0.48
0	0
0	0
.00980	0.48
.01960	1.89
.02940	4.24
.03920	7.54
.04900	11.79
.05880	16.99
.06860	23.16
.07840	30.28
.08820	38.39
.09801	47.48
.10781	57.56
.11761	68.66
.12741	80.77
.13721	93.92
.14701	108.12
.19602	195.48
.24502	312.11
.29403	461.42
.34303	647.72
.39204	876.38
.44104	1153.85
.49005	1487.79
.53905	1887.14
.58806	2362.31
.63706	2925.26
.68607	3589.68
.73507	4371.09
.78408	5286.92
.83308	6356.56
.88209	7601.44
.93109	9045.75
.98010	10718.6-.98010	10718.6
-.93109	9045.75
-.88209	7601.44
-.83308	6356.56
-.78408	5286.92
-.73507	4371.09
-.68607	3589.68
-.63706	2925.26
-.58806	2362.31
-.53905	1887.14
-.49005	1487.79
-.44104	1153.85
-.39204	876.38
-.34303	647.72
-.29403	461.42
-.24502	312.11
-.19602	195.48
-.14701	108.12
-.13721	93.92
-.12741	80.77
-.11761	68.66
-.10781	57.56
-.09801	47.48
-.08820	38.39
-.07840	30.28
-.06860	23.16
-.05880	16.99
-.04900	11.79
-.03920	7.54
-.02940	4.24
-.01960	1.89
-.00980	0.48
0	0
0	0
.00980	0.48
.01960	1.89
.02940	4.24
.03920	7.54
.04900	11.79
.05880	16.99
.06860	23.16
.07840	30.28
.08820	38.39
.09801	47.48
.10781	57.56
.11761	68.66
.12741	80.77
.13721	93.92
.14701	108.12
.19602	195.48
.24502	312.11
.29403	461.42
.34303	647.72
.39204	876.38
.44104	1153.85
.49005	1487.79
.53905	1887.14
.58806	2362.31
.63706	2925.26
.68607	3589.68
.73507	4371.09
.78408	5286.92
.83308	6356.56
.88209	7601.44
.93109	9045.75
.98010	10718.6-.98010	10718.6
-.93109	9045.75
-.88209	7601.44
-.83308	6356.56
-.78408	5286.92
-.73507	4371.09
-.68607	3589.68
-.63706	2925.26
-.58806	2362.31
-.53905	1887.14
-.49005	1487.79
-.44104	1153.85
-.39204	876.38
-.34303	647.72
-.29403	461.42
-.24502	312.11
-.19602	195.48
-.14701	108.12
-.13721	93.92
-.12741	80.77
-.11761	68.66
-.10781	57.56
-.09801	47.48
-.08820	38.39
-.07840	30.28
-.06860	23.16
-.05880	16.99
-.04900	11.79
-.03920	7.54
-.02940	4.24
-.01960	1.89
-.00980	0.48
0	0
0	0
.00980	0.48
.01960	1.89
.02940	4.24
.03920	7.54
.04900	11.79
.05880	16.99
.06860	23.16
.07840	30.28
.08820	38.39
.09801	47.48
.10781	57.56
.11761	68.66
.12741	80.77
.13721	93.92
.14701	108.12
.19602	195.48
.24502	312.11
.29403	461.42
.34303	647.72
.39204	876.38
.44104	1153.85
.49005	1487.79
.53905	1887.14
.58806	2362.31
.63706	2925.26
.68607	3589.68
.73507	4371.09
.78408	5286.92
.83308	6356.56
.88209	7601.44
.93109	9045.75
.98010	10718.6
