-.98010	14007.6
-.93109	11812.2
-.88209	9906.28
-.83308	8267.43
-.78408	6866.11
-.73507	5671.83
-.68607	4656.39
-.63706	3794.98
-.58806	3066.1
-.53905	2451.24
-.49005	1934.48
-.44104	1502.13
-.39204	1142.51
-.34303	845.68
-.29403	603.38
-.24502	408.76
-.19602	256.37
-.14701	141.97
-.13721	123.36
-.12741	106.11
-.11761	90.21
-.10781	75.65
-.09801	62.41
-.08820	50.47
-.07840	39.81
-.06860	30.44
-.05880	22.34
-.04900	15.5
-.03920	9.92
-.02940	5.58
-.01960	2.48
-.00980	0.62
0	0
0	0
.00980	0.62
.01960	2.48
.02940	5.58
.03920	9.92
.04900	15.5
.05880	22.34
.06860	30.44
.07840	39.81
.08820	50.47
.09801	62.41
.10781	75.65
.11761	90.21
.12741	106.11
.13721	123.36
.14701	141.97
.19602	256.37
.24502	408.76
.29403	603.38
.34303	845.68
.39204	1142.51
.44104	1502.13
.49005	1934.48
.53905	2451.24
.58806	3066.1
.63706	3794.98
.68607	4656.39
.73507	5671.83
.78408	6866.11
.83308	8267.43
.88209	9906.28
.93109	11812.2
.98010	14007.6-.98010	14007.6
-.93109	11812.2
-.88209	9906.28
-.83308	8267.43
-.78408	6866.11
-.73507	5671.83
-.68607	4656.39
-.63706	3794.98
-.58806	3066.1
-.53905	2451.24
-.49005	1934.48
-.44104	1502.13
-.39204	1142.51
-.34303	845.68
-.29403	603.38
-.24502	408.76
-.19602	256.37
-.14701	141.97
-.13721	123.36
-.12741	106.11
-.11761	90.21
-.10781	75.65
-.09801	62.41
-.08820	50.47
-.07840	39.81
-.06860	30.44
-.05880	22.34
-.04900	15.5
-.03920	9.92
-.02940	5.58
-.01960	2.48
-.00980	0.62
0	0
0	0
.00980	0.62
.01960	2.48
.02940	5.58
.03920	9.92
.04900	15.5
.05880	22.34
.06860	30.44
.07840	39.81
.08820	50.47
.09801	62.41
.10781	75.65
.11761	90.21
.12741	106.11
.13721	123.36
.14701	141.97
.19602	256.37
.24502	408.76
.29403	603.38
.34303	845.68
.39204	1142.51
.44104	1502.13
.49005	1934.48
.53905	2451.24
.58806	3066.1
.63706	3794.98
.68607	4656.39
.73507	5671.83
.78408	6866.11
.83308	8267.43
.88209	9906.28
.93109	11812.2
.98010	14007.6-.98010	14007.6
-.93109	11812.2
-.88209	9906.28
-.83308	8267.43
-.78408	6866.11
-.73507	5671.83
-.68607	4656.39
-.63706	3794.98
-.58806	3066.1
-.53905	2451.24
-.49005	1934.48
-.44104	1502.13
-.39204	1142.51
-.34303	845.68
-.29403	603.38
-.24502	408.76
-.19602	256.37
-.14701	141.97
-.13721	123.36
-.12741	106.11
-.11761	90.21
-.10781	75.65
-.09801	62.41
-.08820	50.47
-.07840	39.81
-.06860	30.44
-.05880	22.34
-.04900	15.5
-.03920	9.92
-.02940	5.58
-.01960	2.48
-.00980	0.62
0	0
0	0
.00980	0.62
.01960	2.48
.02940	5.58
.03920	9.92
.04900	15.5
.05880	22.34
.06860	30.44
.07840	39.81
.08820	50.47
.09801	62.41
.10781	75.65
.11761	90.21
.12741	106.11
.13721	123.36
.14701	141.97
.19602	256.37
.24502	408.76
.29403	603.38
.34303	845.68
.39204	1142.51
.44104	1502.13
.49005	1934.48
.53905	2451.24
.58806	3066.1
.63706	3794.98
.68607	4656.39
.73507	5671.83
.78408	6866.11
.83308	8267.43
.88209	9906.28
.93109	11812.2
.98010	14007.6-.98010	14007.6
-.93109	11812.2
-.88209	9906.28
-.83308	8267.43
-.78408	6866.11
-.73507	5671.83
-.68607	4656.39
-.63706	3794.98
-.58806	3066.1
-.53905	2451.24
-.49005	1934.48
-.44104	1502.13
-.39204	1142.51
-.34303	845.68
-.29403	603.38
-.24502	408.76
-.19602	256.37
-.14701	141.97
-.13721	123.36
-.12741	106.11
-.11761	90.21
-.10781	75.65
-.09801	62.41
-.08820	50.47
-.07840	39.81
-.06860	30.44
-.05880	22.34
-.04900	15.5
-.03920	9.92
-.02940	5.58
-.01960	2.48
-.00980	0.62
0	0
0	0
.00980	0.62
.01960	2.48
.02940	5.58
.03920	9.92
.04900	15.5
.05880	22.34
.06860	30.44
.07840	39.81
.08820	50.47
.09801	62.41
.10781	75.65
.11761	90.21
.12741	106.11
.13721	123.36
.14701	141.97
.19602	256.37
.24502	408.76
.29403	603.38
.34303	845.68
.39204	1142.51
.44104	1502.13
.49005	1934.48
.53905	2451.24
.58806	3066.1
.63706	3794.98
.68607	4656.39
.73507	5671.83
.78408	6866.11
.83308	8267.43
.88209	9906.28
.93109	11812.2
.98010	14007.6-.98010	14007.6
-.93109	11812.2
-.88209	9906.28
-.83308	8267.43
-.78408	6866.11
-.73507	5671.83
-.68607	4656.39
-.63706	3794.98
-.58806	3066.1
-.53905	2451.24
-.49005	1934.48
-.44104	1502.13
-.39204	1142.51
-.34303	845.68
-.29403	603.38
-.24502	408.76
-.19602	256.37
-.14701	141.97
-.13721	123.36
-.12741	106.11
-.11761	90.21
-.10781	75.65
-.09801	62.41
-.08820	50.47
-.07840	39.81
-.06860	30.44
-.05880	22.34
-.04900	15.5
-.03920	9.92
-.02940	5.58
-.01960	2.48
-.00980	0.62
0	0
0	0
.00980	0.62
.01960	2.48
.02940	5.58
.03920	9.92
.04900	15.5
.05880	22.34
.06860	30.44
.07840	39.81
.08820	50.47
.09801	62.41
.10781	75.65
.11761	90.21
.12741	106.11
.13721	123.36
.14701	141.97
.19602	256.37
.24502	408.76
.29403	603.38
.34303	845.68
.39204	1142.51
.44104	1502.13
.49005	1934.48
.53905	2451.24
.58806	3066.1
.63706	3794.98
.68607	4656.39
.73507	5671.83
.78408	6866.11
.83308	8267.43
.88209	9906.28
.93109	11812.2
.98010	14007.6-.98010	14007.6
-.93109	11812.2
-.88209	9906.28
-.83308	8267.43
-.78408	6866.11
-.73507	5671.83
-.68607	4656.39
-.63706	3794.98
-.58806	3066.1
-.53905	2451.24
-.49005	1934.48
-.44104	1502.13
-.39204	1142.51
-.34303	845.68
-.29403	603.38
-.24502	408.76
-.19602	256.37
-.14701	141.97
-.13721	123.36
-.12741	106.11
-.11761	90.21
-.10781	75.65
-.09801	62.41
-.08820	50.47
-.07840	39.81
-.06860	30.44
-.05880	22.34
-.04900	15.5
-.03920	9.92
-.02940	5.58
-.01960	2.48
-.00980	0.62
0	0
0	0
.00980	0.62
.01960	2.48
.02940	5.58
.03920	9.92
.04900	15.5
.05880	22.34
.06860	30.44
.07840	39.81
.08820	50.47
.09801	62.41
.10781	75.65
.11761	90.21
.12741	106.11
.13721	123.36
.14701	141.97
.19602	256.37
.24502	408.76
.29403	603.38
.34303	845.68
.39204	1142.51
.44104	1502.13
.49005	1934.48
.53905	2451.24
.58806	3066.1
.63706	3794.98
.68607	4656.39
.73507	5671.83
.78408	6866.11
.83308	8267.43
.88209	9906.28
.93109	11812.2
.98010	14007.6
