-.91500	6758.73
-.86925	6115.43
-.82350	5492.68
-.77775	4895.34
-.73200	4327.23
-.68625	3791.24
-.64050	3289.44
-.59475	2823.25
-.54900	2393.49
-.50325	2000.55
-.45750	1644.46
-.41175	1324.95
-.36600	1041.55
-.32025	793.67
-.27450	580.61
-.22875	401.71
-.18300	256.29
-.13725	143.81
-.12810	125.22
-.11895	107.93
-.10980	91.93
-.10065	77.22
-.09150	63.8
-.08235	51.67
-.07320	40.81
-.06405	31.24
-.05490	22.95
-.04575	15.94
-.03660	10.2
-.02745	5.74
-.01830	2.55
-.00915	0.64
0	0
0	0
.00915	0.64
.01830	2.55
.02745	5.74
.03660	10.2
.04575	15.94
.05490	22.95
.06405	31.24
.07320	40.81
.08235	51.67
.09150	63.8
.10065	77.22
.10980	91.93
.11895	107.93
.12810	125.22
.13725	143.81
.18300	256.29
.22875	401.71
.27450	580.61
.32025	793.67
.36600	1041.55
.41175	1324.95
.45750	1644.46
.50325	2000.55
.54900	2393.49
.59475	2823.25
.64050	3289.44
.68625	3791.24
.73200	4327.23
.77775	4895.34
.82350	5492.68
.86925	6115.43
.91500	6758.73
