-.92500	12558.9
-.87875	10656.9
-.83250	9014.74
-.78625	7593.41
-.74000	6362.84
-.69375	5298.87
-.64750	4381.36
-.60125	3592.86
-.55500	2917.98
-.50875	2342.93
-.46250	1855.42
-.41625	1444.55
-.37000	1100.76
-.32375	815.74
-.27750	582.35
-.23125	394.57
-.18500	247.44
-.13875	136.99
-.12950	119.01
-.12025	102.36
-.11100	87.02
-.10175	72.97
-.09250	60.19
-.08325	48.67
-.07400	38.4
-.06475	29.36
-.05550	21.55
-.04625	14.95
-.03700	9.56
-.02775	5.38
-.01850	2.39
-.00925	0.6
0	0
0	0
.00925	0.6
.01850	2.39
.02775	5.38
.03700	9.56
.04625	14.95
.05550	21.55
.06475	29.36
.07400	38.4
.08325	48.67
.09250	60.19
.10175	72.97
.11100	87.02
.12025	102.36
.12950	119.01
.13875	136.99
.18500	247.44
.23125	394.57
.27750	582.35
.32375	815.74
.37000	1100.76
.41625	1444.55
.46250	1855.42
.50875	2342.93
.55500	2917.98
.60125	3592.86
.64750	4381.36
.69375	5298.87
.74000	6362.84
.78625	7593.41
.83250	9014.74
.87875	10656.9
.92500	12558.9
