-.93167	6124.71
-.88509	5536.09
-.83850	4967.05
-.79192	4422.08
-.74533	3904.66
-.69875	3417.37
-.65217	2962.01
-.60558	2539.76
-.55900	2151.25
-.51242	1796.65
-.46583	1475.83
-.41925	1188.39
-.37266	933.75
-.32608	711.23
-.27950	520.13
-.23291	359.76
-.18633	229.47
-.13975	128.73
-.13043	112.09
-.12111	96.61
-.11180	82.28
-.10248	69.12
-.09316	57.1
-.08385	46.24
-.07453	36.52
-.06521	27.96
-.05590	20.54
-.04658	14.26
-.03726	9.12
-.02795	5.13
-.01863	2.28
-.00931	0.57
0	0
0	0
.00931	0.57
.01863	2.28
.02795	5.13
.03726	9.12
.04658	14.26
.05590	20.54
.06521	27.96
.07453	36.52
.08385	46.24
.09316	57.1
.10248	69.12
.11180	82.28
.12111	96.61
.13043	112.09
.13975	128.73
.18633	229.47
.23291	359.76
.27950	520.13
.32608	711.23
.37266	933.75
.41925	1188.39
.46583	1475.83
.51242	1796.65
.55900	2151.25
.60558	2539.76
.65217	2962.01
.69875	3417.37
.74533	3904.66
.79192	4422.08
.83850	4967.05
.88509	5536.09
.93167	6124.71
