-.93700	5926.06
-.89015	5354.55
-.84330	4802.35
-.79645	4273.83
-.74960	3772.35
-.70275	3300.4
-.65590	2859.71
-.60905	2451.33
-.56220	2075.81
-.51535	1733.26
-.46850	1423.49
-.42165	1146.06
-.37480	900.38
-.32795	685.77
-.28110	501.49
-.23425	346.87
-.18740	221.27
-.14055	124.14
-.13118	108.09
-.12181	93.16
-.11244	79.35
-.10307	66.65
-.09370	55.07
-.08433	44.59
-.07496	35.22
-.06559	26.96
-.05622	19.81
-.04685	13.75
-.03748	8.8
-.02811	4.95
-.01874	2.2
-.00937	0.55
0	0
0	0
.00937	0.55
.01874	2.2
.02811	4.95
.03748	8.8
.04685	13.75
.05622	19.81
.06559	26.96
.07496	35.22
.08433	44.59
.09370	55.07
.10307	66.65
.11244	79.35
.12181	93.16
.13118	108.09
.14055	124.14
.18740	221.27
.23425	346.87
.28110	501.49
.32795	685.77
.37480	900.38
.42165	1146.06
.46850	1423.49
.51535	1733.26
.56220	2075.81
.60905	2451.33
.65590	2859.71
.70275	3300.4
.74960	3772.35
.79645	4273.83
.84330	4802.35
.89015	5354.55
.93700	5926.06
