-.93167	12191.3
-.88509	10335.2
-.83850	8732.83
-.79192	7346.82
-.74533	6148.14
-.69875	5113.26
-.65217	4222.35
-.60558	3458.16
-.55900	2805.33
-.51242	2250.12
-.46583	1780.25
-.41925	1384.89
-.37266	1054.57
-.32608	781.05
-.27950	557.33
-.23291	377.49
-.18633	236.66
-.13975	130.99
-.13043	113.8
-.12111	97.88
-.11180	83.21
-.10248	69.77
-.09316	57.55
-.08385	46.53
-.07453	36.71
-.06521	28.07
-.05590	20.6
-.04658	14.29
-.03726	9.14
-.02795	5.14
-.01863	2.28
-.00931	0.57
0	0
0	0
.00931	0.57
.01863	2.28
.02795	5.14
.03726	9.14
.04658	14.29
.05590	20.6
.06521	28.07
.07453	36.71
.08385	46.53
.09316	57.55
.10248	69.77
.11180	83.21
.12111	97.88
.13043	113.8
.13975	130.99
.18633	236.66
.23291	377.49
.27950	557.33
.32608	781.05
.37266	1054.57
.41925	1384.89
.46583	1780.25
.51242	2250.12
.55900	2805.33
.60558	3458.16
.65217	4222.35
.69875	5113.26
.74533	6148.14
.79192	7346.82
.83850	8732.83
.88509	10335.2
.93167	12191.3
