-.92500	4937.2
-.87875	4565.92
-.83250	4189.75
-.78625	3812.67
-.74000	3438.57
-.69375	3071.09
-.64750	2713.68
-.60125	2369.49
-.55500	2041.37
-.50875	1731.87
-.46250	1443.21
-.41625	1177.33
-.37000	935.85
-.32375	720.12
-.27750	531.27
-.23125	370.17
-.18500	237.53
-.13875	133.87
-.12950	116.65
-.12025	100.61
-.11100	85.75
-.10175	72.07
-.09250	59.57
-.08325	48.27
-.07400	38.15
-.06475	29.21
-.05550	21.47
-.04625	14.91
-.03700	9.54
-.02775	5.37
-.01850	2.39
-.00925	0.6
0	0
0	0
.00925	0.6
.01850	2.39
.02775	5.37
.03700	9.54
.04625	14.91
.05550	21.47
.06475	29.21
.07400	38.15
.08325	48.27
.09250	59.57
.10175	72.07
.11100	85.75
.12025	100.61
.12950	116.65
.13875	133.87
.18500	237.53
.23125	370.17
.27750	531.27
.32375	720.12
.37000	935.85
.41625	1177.33
.46250	1443.21
.50875	1731.87
.55500	2041.37
.60125	2369.49
.64750	2713.68
.69375	3071.09
.74000	3438.57
.78625	3812.67
.83250	4189.75
.87875	4565.92
.92500	4937.2
