-.95180	5434.69
-.90421	4906.45
-.85662	4396.71
-.80903	3909.51
-.76144	3447.91
-.71385	3014.13
-.66626	2609.65
-.61867	2235.38
-.57108	1891.68
-.52349	1578.57
-.47590	1295.76
-.42831	1042.73
-.38072	818.85
-.33313	623.42
-.28554	455.73
-.23795	315.1
-.19036	200.94
-.14277	112.7
-.13325	98.13
-.12373	84.57
-.11421	72.03
-.10469	60.5
-.09518	49.98
-.08566	40.48
-.07614	31.97
-.06662	24.48
-.05710	17.98
-.04759	12.48
-.03807	7.99
-.02855	4.49
-.01903	2
-.00951	0.5
0	0
0	0
.00951	0.5
.01903	2
.02855	4.49
.03807	7.99
.04759	12.48
.05710	17.98
.06662	24.48
.07614	31.97
.08566	40.48
.09518	49.98
.10469	60.5
.11421	72.03
.12373	84.57
.13325	98.13
.14277	112.7
.19036	200.94
.23795	315.1
.28554	455.73
.33313	623.42
.38072	818.85
.42831	1042.73
.47590	1295.76
.52349	1578.57
.57108	1891.68
.61867	2235.38
.66626	2609.65
.71385	3014.13
.76144	3447.91
.80903	3909.51
.85662	4396.71
.90421	4906.45
.95180	5434.69
