-.95180	11158.4
-.90421	9431.29
-.85662	7939.1
-.80903	6650.86
-.76144	5541.53
-.71385	4589.38
-.66626	3774.96
-.61867	3080.8
-.57108	2491.27
-.52349	1992.57
-.47590	1572.58
-.42831	1220.73
-.38072	927.89
-.33313	686.22
-.28554	489.1
-.23795	330.97
-.19036	207.35
-.14277	114.72
-.13325	99.66
-.12373	85.71
-.11421	72.85
-.10469	61.08
-.09518	50.38
-.08566	40.73
-.07614	32.13
-.06662	24.57
-.05710	18.03
-.04759	12.51
-.03807	8
-.02855	4.5
-.01903	2
-.00951	0.5
0	0
0	0
.00951	0.5
.01903	2
.02855	4.5
.03807	8
.04759	12.51
.05710	18.03
.06662	24.57
.07614	32.13
.08566	40.73
.09518	50.38
.10469	61.08
.11421	72.85
.12373	85.71
.13325	99.66
.14277	114.72
.19036	207.35
.23795	330.97
.28554	489.1
.33313	686.22
.38072	927.89
.42831	1220.73
.47590	1572.58
.52349	1992.57
.57108	2491.27
.61867	3080.8
.66626	3774.96
.71385	4589.38
.76144	5541.53
.80903	6650.86
.85662	7939.1
.90421	9431.29
.95180	11158.4
