-.95180	4206.89
-.90421	3883.61
-.85662	3557.4
-.80903	3231.7
-.76144	2909.8
-.71385	2594.76
-.66626	2289.42
-.61867	1996.33
-.57108	1717.77
-.52349	1455.72
-.47590	1211.93
-.42831	987.83
-.38072	784.67
-.33313	603.44
-.28554	444.98
-.23795	309.94
-.19036	198.83
-.14277	112.03
-.13325	97.63
-.12373	84.2
-.11421	71.75
-.10469	60.3
-.09518	49.84
-.08566	40.39
-.07614	31.92
-.06662	24.44
-.05710	17.96
-.04759	12.48
-.03807	7.98
-.02855	4.49
-.01903	2
-.00951	0.5
0	0
0	0
.00951	0.5
.01903	2
.02855	4.49
.03807	7.98
.04759	12.48
.05710	17.96
.06662	24.44
.07614	31.92
.08566	40.39
.09518	49.84
.10469	60.3
.11421	71.75
.12373	84.2
.13325	97.63
.14277	112.03
.19036	198.83
.23795	309.94
.28554	444.98
.33313	603.44
.38072	784.67
.42831	987.83
.47590	1211.93
.52349	1455.72
.57108	1717.77
.61867	1996.33
.66626	2289.42
.71385	2594.76
.76144	2909.8
.80903	3231.7
.85662	3557.4
.90421	3883.61
.95180	4206.89
