-.96020	3982.4
-.91219	3675.15
-.86418	3365.26
-.81617	3056.03
-.76816	2750.6
-.72015	2451.88
-.67214	2162.56
-.62413	1885.04
-.57612	1621.46
-.52811	1373.67
-.48010	1143.29
-.43209	931.64
-.38408	739.87
-.33607	568.88
-.28806	419.43
-.24005	292.11
-.19204	187.37
-.14403	105.57
-.13442	91.99
-.12482	79.34
-.11522	67.62
-.10562	56.83
-.09602	46.98
-.08641	38.06
-.07681	30.08
-.06721	23.04
-.05761	16.93
-.04801	11.76
-.03840	7.53
-.02880	4.24
-.01920	1.89
-.00960	0.48
0	0
0	0
.00960	0.48
.01920	1.89
.02880	4.24
.03840	7.53
.04801	11.76
.05761	16.93
.06721	23.04
.07681	30.08
.08641	38.06
.09602	46.98
.10562	56.83
.11522	67.62
.12482	79.34
.13442	91.99
.14403	105.57
.19204	187.37
.24005	292.11
.28806	419.43
.33607	568.88
.38408	739.87
.43209	931.64
.48010	1143.29
.52811	1373.67
.57612	1621.46
.62413	1885.04
.67214	2162.56
.72015	2451.88
.76816	2750.6
.81617	3056.03
.86418	3365.26
.91219	3675.15
.96020	3982.4
