-.97000	10203.7
-.92150	8592.19
-.87300	7203.37
-.82450	6009.46
-.77600	4986.73
-.72750	4113.8
-.67900	3371.32
-.63050	2741.93
-.58200	2210.24
-.53350	1762.74
-.48500	1387.66
-.43650	1074.8
-.38800	815.42
-.33950	602.1
-.29100	428.57
-.24250	289.71
-.19400	181.35
-.14550	100.26
-.13580	87.09
-.12610	74.89
-.11640	63.65
-.10670	53.36
-.09700	44.01
-.08730	35.58
-.07760	28.07
-.06790	21.46
-.05820	15.75
-.04850	10.92
-.03880	6.99
-.02910	3.93
-.01940	1.74
-.00970	0.44
0	0
0	0
.00970	0.44
.01940	1.74
.02910	3.93
.03880	6.99
.04850	10.92
.05820	15.75
.06790	21.46
.07760	28.07
.08730	35.58
.09700	44.01
.10670	53.36
.11640	63.65
.12610	74.89
.13580	87.09
.14550	100.26
.19400	181.35
.24250	289.71
.29100	428.57
.33950	602.1
.38800	815.42
.43650	1074.8
.48500	1387.66
.53350	1762.74
.58200	2210.24
.63050	2741.93
.67900	3371.32
.72750	4113.8
.77600	4986.73
.82450	6009.46
.87300	7203.37
.92150	8592.19
.97000	10203.7
