-.95180	14726.6
-.90421	12446.8
-.85662	10460.8
-.80903	8748.12
-.76144	7279.92
-.71385	6025.49
-.66626	4956.24
-.61867	4046.86
-.57108	3275.41
-.52349	2622.93
-.47590	2073.15
-.42831	1612.03
-.38072	1227.58
-.33313	909.6
-.28554	649.56
-.23795	440.37
-.19036	276.35
-.14277	153.11
-.13325	133.04
-.12373	114.44
-.11421	97.3
-.10469	81.6
-.09518	67.32
-.08566	54.44
-.07614	42.95
-.06662	32.84
-.05710	24.1
-.04759	16.72
-.03807	10.69
-.02855	6.01
-.01903	2.67
-.00951	0.67
0	0
0	0
.00951	0.67
.01903	2.67
.02855	6.01
.03807	10.69
.04759	16.72
.05710	24.1
.06662	32.84
.07614	42.95
.08566	54.44
.09518	67.32
.10469	81.6
.11421	97.3
.12373	114.44
.13325	133.04
.14277	153.11
.19036	276.35
.23795	440.37
.28554	649.56
.33313	909.6
.38072	1227.58
.42831	1612.03
.47590	2073.15
.52349	2622.93
.57108	3275.41
.61867	4046.86
.66626	4956.24
.71385	6025.49
.76144	7279.92
.80903	8748.12
.85662	10460.8
.90421	12446.8
.95180	14726.6
