-.96020	6984.27
-.91219	6335.9
-.86418	5698.21
-.81617	5078.94
-.76816	4484.7
-.72015	3920.85
-.67214	3391.46
-.62413	2899.51
-.57612	2446.92
-.52811	2034.75
-.48010	1663.38
-.43209	1332.49
-.38408	1041.37
-.33607	788.95
-.28806	574
-.24005	395.12
-.19204	250.98
-.14403	140.32
-.13442	122.11
-.12482	105.17
-.11522	89.54
-.10562	75.17
-.09602	62.07
-.08641	50.25
-.07681	39.68
-.06721	30.36
-.05761	22.3
-.04801	15.48
-.03840	9.91
-.02880	5.57
-.01920	2.48
-.00960	0.62
0	0
0	0
.00960	0.62
.01920	2.48
.02880	5.57
.03840	9.91
.04801	15.48
.05761	22.3
.06721	30.36
.07681	39.68
.08641	50.25
.09602	62.07
.10562	75.17
.11522	89.54
.12482	105.17
.13442	122.11
.14403	140.32
.19204	250.98
.24005	395.12
.28806	574
.33607	788.95
.38408	1041.37
.43209	1332.49
.48010	1663.38
.52811	2034.75
.57612	2446.92
.62413	2899.51
.67214	3391.46
.72015	3920.85
.76816	4484.7
.81617	5078.94
.86418	5698.21
.91219	6335.9
.96020	6984.27
