-.91500	9414.23
-.86925	8589.3
-.82350	7770.02
-.77775	6967.12
-.73200	6189.62
-.68625	5444.99
-.64050	4739.21
-.59475	4076.96
-.54900	3461.73
-.50325	2895.94
-.45750	2381.18
-.41175	1918.15
-.36600	1507.01
-.32025	1147.38
-.27450	838.55
-.22875	579.57
-.18300	369.42
-.13725	207.13
-.12810	180.34
-.11895	155.4
-.10980	132.35
-.10065	111.15
-.09150	91.82
-.08235	74.35
-.07320	58.73
-.06405	44.95
-.05490	33.02
-.04575	22.92
-.03660	14.67
-.02745	8.25
-.01830	3.67
-.00915	0.92
0	0
0	0
.00915	0.92
.01830	3.67
.02745	8.25
.03660	14.67
.04575	22.92
.05490	33.02
.06405	44.95
.07320	58.73
.08235	74.35
.09150	91.82
.10065	111.15
.10980	132.35
.11895	155.4
.12810	180.34
.13725	207.13
.18300	369.42
.22875	579.57
.27450	838.55
.32025	1147.38
.36600	1507.01
.41175	1918.15
.45750	2381.18
.50325	2895.94
.54900	3461.73
.59475	4076.96
.64050	4739.21
.68625	5444.99
.73200	6189.62
.77775	6967.12
.82350	7770.02
.86925	8589.3
.91500	9414.23
