-.97000	13181.8
-.92150	11083.6
-.87300	9270.35
-.82450	7716.61
-.77600	6392.1
-.72750	5266.6
-.67900	4312.56
-.63050	3505.83
-.58200	2825.52
-.53350	2253.61
-.48500	1774.63
-.43650	1375.25
-.38800	1044.14
-.33950	771.66
-.29100	549.83
-.24250	372.07
-.19400	233.14
-.14550	129.02
-.13580	112.08
-.12610	96.4
-.11640	81.95
-.10670	68.71
-.09700	56.68
-.08730	45.83
-.07760	36.15
-.06790	27.64
-.05820	20.28
-.04850	14.07
-.03880	8.99
-.02910	5.05
-.01940	2.24
-.00970	0.56
0	0
0	0
.00970	0.56
.01940	2.24
.02910	5.05
.03880	8.99
.04850	14.07
.05820	20.28
.06790	27.64
.07760	36.15
.08730	45.83
.09700	56.68
.10670	68.71
.11640	81.95
.12610	96.4
.13580	112.08
.14550	129.02
.19400	233.14
.24250	372.07
.29100	549.83
.33950	771.66
.38800	1044.14
.43650	1375.25
.48500	1774.63
.53350	2253.61
.58200	2825.52
.63050	3505.83
.67900	4312.56
.72750	5266.6
.77600	6392.1
.82450	7716.61
.87300	9270.35
.92150	11083.6
.97000	13181.8
