-.93700	15994.9
-.89015	13579.2
-.84330	11460
-.79645	9619.58
-.74960	8032.41
-.70275	6669.55
-.65590	5502.69
-.60905	4506.13
-.56220	3657.23
-.51535	2936.34
-.46850	2326.47
-.42165	1812.97
-.37480	1383.3
-.32795	1026.73
-.28110	734.28
-.23425	498.43
-.18740	313.11
-.14055	173.62
-.13118	150.88
-.12181	129.81
-.11244	110.38
-.10307	92.58
-.09370	76.38
-.08433	61.77
-.07496	48.74
-.06559	37.27
-.05622	27.35
-.04685	18.98
-.03748	12.13
-.02811	6.82
-.01874	3.03
-.00937	0.75
0	0
0	0
.00937	0.75
.01874	3.03
.02811	6.82
.03748	12.13
.04685	18.98
.05622	27.35
.06559	37.27
.07496	48.74
.08433	61.77
.09370	76.38
.10307	92.58
.11244	110.38
.12181	129.81
.13118	150.88
.14055	173.62
.18740	313.11
.23425	498.43
.28110	734.28
.32795	1026.73
.37480	1383.3
.42165	1812.97
.46850	2326.47
.51535	2936.34
.56220	3657.23
.60905	4506.13
.65590	5502.69
.70275	6669.55
.74960	8032.41
.79645	9619.58
.84330	11460
.89015	13579.2
.93700	15994.9
