-.94600	8869.92
-.89870	7963.29
-.85140	7086.07
-.80410	6249.66
-.75680	5462.49
-.70950	4729.9
-.66220	4054.75
-.61490	3438.15
-.56760	2879.87
-.52030	2378.79
-.47300	1933.11
-.42570	1540.56
-.37840	1198.63
-.33110	904.69
-.28380	656.14
-.23650	450.53
-.18920	285.6
-.14190	159.43
-.13244	138.71
-.12298	119.46
-.11352	101.68
-.10406	85.35
-.09460	70.47
-.08514	57.03
-.07568	45.02
-.06622	34.45
-.05676	25.3
-.04730	17.56
-.03784	11.23
-.02838	6.32
-.01892	2.81
-.00946	0.7
0	0
0	0
.00946	0.7
.01892	2.81
.02838	6.32
.03784	11.23
.04730	17.56
.05676	25.3
.06622	34.45
.07568	45.02
.08514	57.03
.09460	70.47
.10406	85.35
.11352	101.68
.12298	119.46
.13244	138.71
.14190	159.43
.18920	285.6
.23650	450.53
.28380	656.14
.33110	904.69
.37840	1198.63
.42570	1540.56
.47300	1933.11
.52030	2378.79
.56760	2879.87
.61490	3438.15
.66220	4054.75
.70950	4729.9
.75680	5462.49
.80410	6249.66
.85140	7086.07
.89870	7963.29
.94600	8869.92
