-.93700	8154.22
-.89015	7414.74
-.84330	6685.5
-.79645	5975.38
-.74960	5291.76
-.70275	4640.68
-.65590	4026.83
-.60905	3453.8
-.56220	2924.1
-.51535	2439.33
-.46850	2000.34
-.42165	1607.25
-.37480	1259.71
-.32795	956.92
-.28110	697.9
-.23425	481.45
-.18740	306.37
-.14055	171.54
-.13118	149.32
-.12181	128.64
-.11244	109.54
-.10307	91.98
-.09370	75.97
-.08433	61.5
-.07496	48.57
-.06559	37.17
-.05622	27.3
-.04685	18.95
-.03748	12.12
-.02811	6.82
-.01874	3.03
-.00937	0.75
0	0
0	0
.00937	0.75
.01874	3.03
.02811	6.82
.03748	12.12
.04685	18.95
.05622	27.3
.06559	37.17
.07496	48.57
.08433	61.5
.09370	75.97
.10307	91.98
.11244	109.54
.12181	128.64
.13118	149.32
.14055	171.54
.18740	306.37
.23425	481.45
.28110	697.9
.32795	956.92
.37480	1259.71
.42165	1607.25
.46850	2000.34
.51535	2439.33
.56220	2924.1
.60905	3453.8
.65590	4026.83
.70275	4640.68
.74960	5291.76
.79645	5975.38
.84330	6685.5
.89015	7414.74
.93700	8154.22
