-.95180	8541.23
-.90421	7662.68
-.85662	6814.25
-.80903	6005.97
-.76144	5245.63
-.71385	4538.46
-.66626	3887.33
-.61867	3293.35
-.57108	2756.22
-.52349	2274.76
-.47590	1847.1
-.42831	1470.91
-.38072	1143.64
-.33313	862.63
-.28554	625.28
-.23795	429.12
-.19036	271.91
-.14277	151.74
-.13325	132.01
-.12373	113.68
-.11421	96.75
-.10469	81.21
-.09518	67.05
-.08566	54.26
-.07614	42.83
-.06662	32.77
-.05710	24.06
-.04759	16.7
-.03807	10.69
-.02855	6.01
-.01903	2.67
-.00951	0.67
0	0
0	0
.00951	0.67
.01903	2.67
.02855	6.01
.03807	10.69
.04759	16.7
.05710	24.06
.06662	32.77
.07614	42.83
.08566	54.26
.09518	67.05
.10469	81.21
.11421	96.75
.12373	113.68
.13325	132.01
.14277	151.74
.19036	271.91
.23795	429.12
.28554	625.28
.33313	862.63
.38072	1143.64
.42831	1470.91
.47590	1847.1
.52349	2274.76
.57108	2756.22
.61867	3293.35
.66626	3887.33
.71385	4538.46
.76144	5245.63
.80903	6005.97
.85662	6814.25
.90421	7662.68
.95180	8541.23
