-.92500	10101
-.87875	9100.55
-.83250	8127.58
-.78625	7195.82
-.74000	6313.78
-.69375	5487.71
-.64750	4721.61
-.60125	4017.68
-.55500	3376.61
-.50875	2798.01
-.46250	2280.65
-.41625	1822.67
-.37000	1421.86
-.32375	1075.79
-.27750	781.96
-.23125	537.97
-.18500	341.6
-.13875	190.95
-.12950	166.17
-.12025	143.14
-.11100	121.86
-.10175	102.31
-.09250	84.48
-.08325	68.38
-.07400	53.99
-.06475	41.32
-.05550	30.34
-.04625	21.06
-.03700	13.48
-.02775	7.58
-.01850	3.37
-.00925	0.84
0	0
0	0
.00925	0.84
.01850	3.37
.02775	7.58
.03700	13.48
.04625	21.06
.05550	30.34
.06475	41.32
.07400	53.99
.08325	68.38
.09250	84.48
.10175	102.31
.11100	121.86
.12025	143.14
.12950	166.17
.13875	190.95
.18500	341.6
.23125	537.97
.27750	781.96
.32375	1075.79
.37000	1421.86
.41625	1822.67
.46250	2280.65
.50875	2798.01
.55500	3376.61
.60125	4017.68
.64750	4721.61
.69375	5487.71
.74000	6313.78
.78625	7195.82
.83250	8127.58
.87875	9100.55
.92500	10101
