-.93700	9368.84
-.89015	8418.95
-.84330	7501.04
-.79645	6625.98
-.74960	5801.1
-.70275	5031.51
-.65590	4320.34
-.60905	3669.1
-.56220	3077.93
-.51535	2546.02
-.46850	2071.81
-.42165	1653.2
-.37480	1287.8
-.32795	973.06
-.28110	706.44
-.23425	485.49
-.18740	308
-.14055	172.04
-.13118	149.69
-.12181	128.93
-.11244	109.75
-.10307	92.13
-.09370	76.07
-.08433	61.57
-.07496	48.61
-.06559	37.2
-.05622	27.31
-.04685	18.96
-.03748	12.13
-.02811	6.82
-.01874	3.03
-.00937	0.75
0	0
0	0
.00937	0.75
.01874	3.03
.02811	6.82
.03748	12.13
.04685	18.96
.05622	27.31
.06559	37.2
.07496	48.61
.08433	61.57
.09370	76.07
.10307	92.13
.11244	109.75
.12181	128.93
.13118	149.69
.14055	172.04
.18740	308
.23425	485.49
.28110	706.44
.32795	973.06
.37480	1287.8
.42165	1653.2
.46850	2071.81
.51535	2546.02
.56220	3077.93
.60905	3669.1
.65590	4320.34
.70275	5031.51
.74960	5801.1
.79645	6625.98
.84330	7501.04
.89015	8418.95
.93700	9368.84
