-.92500	17097.5
-.87875	14571.1
-.83250	12340.1
-.78625	10390.5
-.74000	8700.68
-.69375	7243.61
-.64750	5991.57
-.60125	4918.58
-.55500	4001.46
-.50875	3219.97
-.46250	2556.58
-.41625	1996.15
-.37000	1525.72
-.32375	1134.19
-.27750	812.24
-.23125	552.01
-.18500	347.14
-.13875	192.65
-.12950	167.45
-.12025	144.09
-.11100	122.54
-.10175	102.79
-.09250	84.82
-.08325	68.6
-.07400	54.13
-.06475	41.4
-.05550	30.39
-.04625	21.08
-.03700	13.49
-.02775	7.58
-.01850	3.37
-.00925	0.84
0	0
0	0
.00925	0.84
.01850	3.37
.02775	7.58
.03700	13.49
.04625	21.08
.05550	30.39
.06475	41.4
.07400	54.13
.08325	68.6
.09250	84.82
.10175	102.79
.11100	122.54
.12025	144.09
.12950	167.45
.13875	192.65
.18500	347.14
.23125	552.01
.27750	812.24
.32375	1134.19
.37000	1525.72
.41625	1996.15
.46250	2556.58
.50875	3219.97
.55500	4001.46
.60125	4918.58
.64750	5991.57
.69375	7243.61
.74000	8700.68
.78625	10390.5
.83250	12340.1
.87875	14571.1
.92500	17097.5
