-.96020	8058.43
-.91219	7220.52
-.86418	6414
-.81617	5647.3
-.76816	4927.15
-.72015	4258.2
-.67214	3643.07
-.62413	3082.76
-.57612	2576.91
-.52811	2124.27
-.48010	1722.92
-.43209	1370.52
-.38408	1064.48
-.33607	802.16
-.28806	580.95
-.24005	398.4
-.19204	252.29
-.14403	140.72
-.13442	122.41
-.12482	105.41
-.11522	89.71
-.10562	75.29
-.09602	62.16
-.08641	50.3
-.07681	39.71
-.06721	30.38
-.05761	22.31
-.04801	15.49
-.03840	9.91
-.02880	5.57
-.01920	2.48
-.00960	0.62
0	0
0	0
.00960	0.62
.01920	2.48
.02880	5.57
.03840	9.91
.04801	15.49
.05761	22.31
.06721	30.38
.07681	39.71
.08641	50.3
.09602	62.16
.10562	75.29
.11522	89.71
.12482	105.41
.13442	122.41
.14403	140.72
.19204	252.29
.24005	398.4
.28806	580.95
.33607	802.16
.38408	1064.48
.43209	1370.52
.48010	1722.92
.52811	2124.27
.57612	2576.91
.62413	3082.76
.67214	3643.07
.72015	4258.2
.76816	4927.15
.81617	5647.3
.86418	6414
.91219	7220.52
.96020	8058.43
