-.97000	6475.13
-.92150	5867.64
-.87300	5271.53
-.82450	4693.67
-.77600	4139.97
-.72750	3615.28
-.67900	3123.35
-.63050	2666.86
-.58200	2247.58
-.53350	1866.44
-.48500	1523.67
-.43650	1218.9
-.38800	951.33
-.33950	719.82
-.29100	523.08
-.24250	359.69
-.19400	228.26
-.14550	127.52
-.13580	110.96
-.12610	95.56
-.11640	81.34
-.10670	68.28
-.09700	56.38
-.08730	45.63
-.07760	36.03
-.06790	27.57
-.05820	20.24
-.04850	14.05
-.03880	8.99
-.02910	5.05
-.01940	2.24
-.00970	0.56
0	0
0	0
.00970	0.56
.01940	2.24
.02910	5.05
.03880	8.99
.04850	14.05
.05820	20.24
.06790	27.57
.07760	36.03
.08730	45.63
.09700	56.38
.10670	68.28
.11640	81.34
.12610	95.56
.13580	110.96
.14550	127.52
.19400	228.26
.24250	359.69
.29100	523.08
.33950	719.82
.38800	951.33
.43650	1218.9
.48500	1523.67
.53350	1866.44
.58200	2247.58
.63050	2666.86
.67900	3123.35
.72750	3615.28
.77600	4139.97
.82450	4693.67
.87300	5271.53
.92150	5867.64
.97000	6475.13
