001 -.35350592E+01
002 -.42844423E+01
003 -.51763797E+01
004 -.62299866E+01
005 -.74598651E+01
006 -.88897814E+01
007 -.10538831E+02
008 -.12400051E+02
009 -.14414581E+02
010 -.15440598E+02
011 -.16446929E+02
012 -.17401964E+02
013 -.17935400E+02
014 -.18269452E+02
015 -.18583305E+02
016 -.19010966E+02
017 -.19590056E+02
018 -.19977081E+02
019 -.20154955E+02
020 -.19912344E+02
021 -.19158319E+02
022 -.18474120E+02
023 -.18357522E+02
024 -.18813672E+02
025 -.19346020E+02
026 -.19351102E+02
027 -.19140045E+02
