001 -.66640137E+03
002 -.66672301E+03
003 -.66703072E+03
004 -.66737137E+03
005 -.66781040E+03
006 -.66841838E+03
007 -.66921478E+03
008 -.67011469E+03
009 -.67100653E+03
010 -.67140238E+03
011 -.67172997E+03
012 -.67195569E+03
013 -.67202624E+03
014 -.67204071E+03
015 -.67202598E+03
016 -.67194319E+03
017 -.67162145E+03
018 -.67103693E+03
019 -.67015667E+03
020 -.66742770E+03
021 -.66337230E+03
022 -.65805559E+03
023 -.65151230E+03
024 -.64346698E+03
025 -.63267333E+03
026 -.61452919E+03
027 -.58368866E+03
