001 -.66373689E+03
002 -.66434720E+03
003 -.66498444E+03
004 -.66569195E+03
005 -.66650813E+03
006 -.66747411E+03
007 -.66858271E+03
008 -.66973938E+03
009 -.67082901E+03
010 -.67129901E+03
011 -.67168227E+03
012 -.67194328E+03
013 -.67202421E+03
014 -.67204071E+03
015 -.67202384E+03
016 -.67192942E+03
017 -.67156326E+03
018 -.67089786E+03
019 -.66989323E+03
020 -.66675020E+03
021 -.66197691E+03
022 -.65544472E+03
023 -.64686450E+03
024 -.63551629E+03
025 -.61827207E+03
026 -.58812757E+03
027 -.53683601E+03
