001 -.20578947E+03
002 -.45383577E+03
003 -.55842012E+03
004 -.60776170E+03
005 -.63538805E+03
006 -.65082870E+03
007 -.66028274E+03
008 -.66615704E+03
009 -.66967485E+03
010 -.67077337E+03
011 -.67150513E+03
012 -.67191378E+03
013 -.67202109E+03
014 -.67204071E+03
015 -.67202198E+03
016 -.67192807E+03
017 -.67162017E+03
018 -.67116341E+03
019 -.67060512E+03
020 -.66936786E+03
021 -.66825196E+03
022 -.66739872E+03
023 -.66672823E+03
024 -.66604079E+03
025 -.66484927E+03
026 -.66206233E+03
027 -.65535967E+03
