001 -.16529758E+02
002 -.17206550E+02
003 -.18489353E+02
004 -.19421663E+02
005 -.19917944E+02
006 -.20095563E+02
007 -.20143745E+02
008 -.20133091E+02
009 -.19938986E+02
010 -.19706792E+02
011 -.19355631E+02
012 -.18875936E+02
013 -.18526694E+02
014 -.18269452E+02
015 -.17993746E+02
016 -.17548192E+02
017 -.16732019E+02
018 -.15845194E+02
019 -.14913324E+02
020 -.13008610E+02
021 -.11171300E+02
022 -.94921421E+01
023 -.80057799E+01
024 -.67099712E+01
025 -.55882810E+01
026 -.46312996E+01
027 -.38245260E+01
