001 -.41972557E+03
002 -.53828281E+03
003 -.59315851E+03
004 -.62527434E+03
005 -.64372211E+03
006 -.65493380E+03
007 -.66224620E+03
008 -.66699548E+03
009 -.66996853E+03
010 -.67092176E+03
011 -.67156469E+03
012 -.67192728E+03
013 -.67202312E+03
014 -.67204071E+03
015 -.67202388E+03
016 -.67193929E+03
017 -.67166092E+03
018 -.67124632E+03
019 -.67073757E+03
020 -.66960326E+03
021 -.66858169E+03
022 -.66785055E+03
023 -.66737579E+03
024 -.66704286E+03
025 -.66658689E+03
026 -.66547256E+03
027 -.66254386E+03
