001 -.64178472E+03
002 -.60022178E+03
003 -.53222587E+03
004 -.47881654E+03
005 -.50430624E+03
006 -.57609844E+03
007 -.63217921E+03
008 -.65885701E+03
009 -.66844340E+03
010 -.67037105E+03
011 -.67139709E+03
012 -.67189319E+03
013 -.67201768E+03
014 -.67204071E+03
015 -.67201768E+03
016 -.67189319E+03
017 -.67139709E+03
018 -.67037105E+03
019 -.66844340E+03
020 -.65885702E+03
021 -.63217923E+03
022 -.57609850E+03
023 -.50430633E+03
024 -.47881663E+03
025 -.53222591E+03
026 -.60022179E+03
027 -.64178472E+03
