001 -.64058765E+03
002 -.59921841E+03
003 -.53133698E+03
004 -.47808106E+03
005 -.50378692E+03
006 -.57576428E+03
007 -.63194446E+03
008 -.65871448E+03
009 -.66838080E+03
010 -.67033687E+03
011 -.67138239E+03
012 -.67188961E+03
013 -.67201711E+03
014 -.67204071E+03
015 -.67201711E+03
016 -.67188961E+03
017 -.67138239E+03
018 -.67033687E+03
019 -.66838080E+03
020 -.65871448E+03
021 -.63194448E+03
022 -.57576433E+03
023 -.50378701E+03
024 -.47808115E+03
025 -.53133701E+03
026 -.59921842E+03
027 -.64058765E+03
