-.96850 10718.6
-.92007 9045.75
-.87165 7601.44
-.82322 6356.56
-.77480 5286.92
-.72637 4371.09
-.67795 3589.68
-.62952 2925.26
-.58110 2362.31
-.53267 1887.14
-.48425 1487.79
-.43582 1153.85
-.38740 876.38
-.33897 647.72
-.29055 461.42
-.24212 312.11
-.19370 195.48
-.14527 108.12
-.13559 93.92
-.12590 80.77
-.11622 68.66
-.10653 57.56
-.09685 47.48
-.08716 38.39
-.07748 30.28
-.06779 23.16
-.05811 16.99
-.04842 11.79
-.03874 7.54
-.02905 4.24
-.01937 1.89
-.00968 0.48
0       0
0       0
.00968  0.48
.01937  1.89
.02905  4.24
.03874  7.54
.04842  11.79
.05811  16.99
.06779  23.16
.07748  30.28
.08716  38.39
.09685  47.48
.10653  57.56
.11622  68.66
.12590  80.77
.13559  93.92
.14527  108.12
.19370  195.48
.24212  312.11
.29055  461.42
.33897  647.72
.38740  876.38
.43582  1153.85
.48425  1487.79
.53267  1887.14
.58110  2362.31
.62952  2925.26
.67795  3589.68
.72637  4371.09
.77480  5286.92
.82322  6356.56
.87165  7601.44
.92007  9045.75
.96850  10718.6


