-.96850 14007.6
-.92007 11812.2
-.87165 9906.28
-.82322 8267.43
-.77480 6866.11
-.72637 5671.83
-.67795 4656.39
-.62952 3794.98
-.58110 3066.1
-.53267 2451.24
-.48425 1934.48
-.43582 1502.13
-.38740 1142.51
-.33897 845.68
-.29055 603.38
-.24212 408.76
-.19370 256.37
-.14527 141.97
-.13559 123.36
-.12590 106.11
-.11622 90.21
-.10653 75.65
-.09685 62.41
-.08716 50.47
-.07748 39.81
-.06779 30.44
-.05811 22.34
-.04842 15.5
-.03874 9.92
-.02905 5.58
-.01937 2.48
-.00968 0.62
0       0
0       0
.00968  0.62
.01937  2.48
.02905  5.58
.03874  9.92
.04842  15.5
.05811  22.34
.06779  30.44
.07748  39.81
.08716  50.47
.09685  62.41
.10653  75.65
.11622  90.21
.12590  106.11
.13559  123.36
.14527  141.97
.19370  256.37
.24212  408.76
.29055  603.38
.33897  845.68
.38740  1142.51
.43582  1502.13
.48425  1934.48
.53267  2451.24
.58110  3066.1
.62952  3794.98
.67795  4656.39
.72637  5671.83
.77480  6866.11
.82322  8267.43
.87165  9906.28
.92007  11812.2
.96850  14007.6
