-.91500	13117
-.86925	11144
-.82350	9441.09
-.77775	7966.18
-.73200	6687.45
-.68625	5579.72
-.64050	4622.23
-.59475	3797.25
-.54900	3089.23
-.50325	2484.33
-.45750	1970.21
-.41175	1535.87
-.36600	1171.64
-.32025	869.08
-.27450	620.92
-.22875	420.97
-.18300	264.12
-.13725	146.27
-.12810	127.09
-.11895	109.32
-.10980	92.94
-.10065	77.93
-.09150	64.29
-.08235	51.98
-.07320	41.01
-.06405	31.36
-.05490	23.01
-.04575	15.97
-.03660	10.21
-.02745	5.74
-.01830	2.55
-.00915	0.64
0	0
0	0
.00915	0.64
.01830	2.55
.02745	5.74
.03660	10.21
.04575	15.97
.05490	23.01
.06405	31.36
.07320	41.01
.08235	51.98
.09150	64.29
.10065	77.93
.10980	92.94
.11895	109.32
.12810	127.09
.13725	146.27
.18300	264.12
.22875	420.97
.27450	620.92
.32025	869.08
.36600	1171.64
.41175	1535.87
.45750	1970.21
.50325	2484.33
.54900	3089.23
.59475	3797.25
.64050	4622.23
.68625	5579.72
.73200	6687.45
.77775	7966.18
.82350	9441.09
.86925	11144
.91500	13117
