-.92500	6376.15
-.87875	5765.67
-.83250	5175.18
-.78625	4609.33
-.74000	4071.72
-.69375	3565.06
-.64750	3091.26
-.60125	2651.59
-.55500	2246.74
-.50875	1876.97
-.46250	1542.22
-.41625	1242.12
-.37000	976.14
-.32375	743.64
-.27750	543.89
-.23125	376.23
-.18500	240
-.13875	134.65
-.12950	117.24
-.12025	101.05
-.11100	86.07
-.10175	72.29
-.09250	59.73
-.08325	48.37
-.07400	38.21
-.06475	29.25
-.05550	21.49
-.04625	14.92
-.03700	9.55
-.02775	5.37
-.01850	2.39
-.00925	0.6
0	0
0	0
.00925	0.6
.01850	2.39
.02775	5.37
.03700	9.55
.04625	14.92
.05550	21.49
.06475	29.25
.07400	38.21
.08325	48.37
.09250	59.73
.10175	72.29
.11100	86.07
.12025	101.05
.12950	117.24
.13875	134.65
.18500	240
.23125	376.23
.27750	543.89
.32375	743.64
.37000	976.14
.41625	1242.12
.46250	1542.22
.50875	1876.97
.55500	2246.74
.60125	2651.59
.64750	3091.26
.69375	3565.06
.74000	4071.72
.78625	4609.33
.83250	5175.18
.87875	5765.67
.92500	6376.15
