-.91500	5248.35
-.86925	4856.27
-.82350	4458.46
-.77775	4059.19
-.73200	3662.58
-.68625	3272.57
-.64050	2892.85
-.59475	2526.82
-.54900	2177.6
-.50325	1847.95
-.45750	1540.3
-.41175	1256.77
-.36600	999.15
-.32025	768.92
-.27450	567.33
-.22875	395.33
-.18300	253.69
-.13725	142.99
-.12810	124.6
-.11895	107.47
-.10980	91.59
-.10065	76.99
-.09150	63.64
-.08235	51.56
-.07320	40.75
-.06405	31.2
-.05490	22.93
-.04575	15.93
-.03660	10.19
-.02745	5.73
-.01830	2.55
-.00915	0.64
0	0
0	0
.00915	0.64
.01830	2.55
.02745	5.73
.03660	10.19
.04575	15.93
.05490	22.93
.06405	31.2
.07320	40.75
.08235	51.56
.09150	63.64
.10065	76.99
.10980	91.59
.11895	107.47
.12810	124.6
.13725	142.99
.18300	253.69
.22875	395.33
.27450	567.33
.32025	768.92
.36600	999.15
.41175	1256.77
.45750	1540.3
.50325	1847.95
.54900	2177.6
.59475	2526.82
.64050	2892.85
.68625	3272.57
.73200	3662.58
.77775	4059.19
.82350	4458.46
.86925	4856.27
.91500	5248.35
