-.93700	11900.9
-.89015	10080.9
-.84330	8509.98
-.79645	7151.89
-.74960	5978.36
-.70275	4966.37
-.65590	4096.42
-.60905	3351.42
-.56220	2716.03
-.51535	2176.53
-.46850	1720.66
-.42165	1337.63
-.37480	1018.02
-.32795	753.67
-.28110	537.64
-.23425	364.08
-.18740	228.24
-.14055	126.33
-.13118	109.75
-.12181	94.39
-.11244	80.24
-.10307	67.28
-.09370	55.5
-.08433	44.87
-.07496	35.4
-.06559	27.07
-.05622	19.86
-.04685	13.78
-.03748	8.81
-.02811	4.95
-.01874	2.2
-.00937	0.55
0	0
0	0
.00937	0.55
.01874	2.2
.02811	4.95
.03748	8.81
.04685	13.78
.05622	19.86
.06559	27.07
.07496	35.4
.08433	44.87
.09370	55.5
.10307	67.28
.11244	80.24
.12181	94.39
.13118	109.75
.14055	126.33
.18740	228.24
.23425	364.08
.28110	537.64
.32795	753.67
.37480	1018.02
.42165	1337.63
.46850	1720.66
.51535	2176.53
.56220	2716.03
.60905	3351.42
.65590	4096.42
.70275	4966.37
.74960	5978.36
.79645	7151.89
.84330	8509.98
.89015	10080.9
.93700	11900.9
