-.93700	4575.56
-.89015	4228.61
-.84330	3877.7
-.79645	3526.51
-.74960	3178.6
-.70275	2837.34
-.65590	2505.88
-.60905	2187.06
-.56220	1883.48
-.51535	1597.4
-.46850	1330.82
-.42165	1085.43
-.37480	862.69
-.32795	663.78
-.28110	489.7
-.23425	341.22
-.18740	218.96
-.14055	123.41
-.13118	107.54
-.12181	92.75
-.11244	79.05
-.10307	66.44
-.09370	54.92
-.08433	44.5
-.07496	35.17
-.06559	26.93
-.05622	19.79
-.04685	13.74
-.03748	8.79
-.02811	4.95
-.01874	2.2
-.00937	0.55
0	0
0	0
.00937	0.55
.01874	2.2
.02811	4.95
.03748	8.79
.04685	13.74
.05622	19.79
.06559	26.93
.07496	35.17
.08433	44.5
.09370	54.92
.10307	66.44
.11244	79.05
.12181	92.75
.13118	107.54
.14055	123.41
.18740	218.96
.23425	341.22
.28110	489.7
.32795	663.78
.37480	862.69
.42165	1085.43
.46850	1330.82
.51535	1597.4
.56220	1883.48
.60905	2187.06
.65590	2505.88
.70275	2837.34
.74960	3178.6
.79645	3526.51
.84330	3877.7
.89015	4228.61
.93700	4575.56
