-.92000	12836.9
-.87400	10899.8
-.82800	9227.43
-.78200	7779.4
-.73600	6524.81
-.69000	5438.99
-.64400	4501.5
-.59800	3694.77
-.55200	3003.33
-.50600	2413.37
-.46000	1912.57
-.41400	1489.99
-.36800	1136.01
-.32200	842.25
-.27600	601.51
-.23000	407.68
-.18400	255.71
-.13800	141.59
-.12880	123.02
-.11960	105.81
-.11040	89.95
-.10120	75.43
-.09200	62.22
-.08280	50.31
-.07360	39.69
-.06440	30.35
-.05520	22.27
-.04600	15.45
-.03680	9.88
-.02760	5.56
-.01840	2.47
-.00920	0.62
0	0
0	0
.00920	0.62
.01840	2.47
.02760	5.56
.03680	9.88
.04600	15.45
.05520	22.27
.06440	30.35
.07360	39.69
.08280	50.31
.09200	62.22
.10120	75.43
.11040	89.95
.11960	105.81
.12880	123.02
.13800	141.59
.18400	255.71
.23000	407.68
.27600	601.51
.32200	842.25
.36800	1136.01
.41400	1489.99
.46000	1912.57
.50600	2413.37
.55200	3003.33
.59800	3694.77
.64400	4501.5
.69000	5438.99
.73600	6524.81
.78200	7779.4
.82800	9227.43
.87400	10899.8
.92000	12836.9
