-.93167	4734.5
-.88509	4376.85
-.83850	4014.85
-.79192	3652.3
-.74533	3292.9
-.69875	2940.14
-.65217	2597.29
-.60558	2267.34
-.55900	1952.97
-.51242	1656.59
-.46583	1380.29
-.41925	1125.88
-.37266	894.87
-.32608	688.55
-.27950	507.96
-.23291	353.92
-.18633	227.09
-.13975	127.98
-.13043	111.52
-.12111	96.19
-.11180	81.98
-.10248	68.9
-.09316	56.95
-.08385	46.14
-.07453	36.47
-.06521	27.93
-.05590	20.52
-.04658	14.25
-.03726	9.12
-.02795	5.13
-.01863	2.28
-.00931	0.57
0	0
0	0
.00931	0.57
.01863	2.28
.02795	5.13
.03726	9.12
.04658	14.25
.05590	20.52
.06521	27.93
.07453	36.47
.08385	46.14
.09316	56.95
.10248	68.9
.11180	81.98
.12111	96.19
.13043	111.52
.13975	127.98
.18633	227.09
.23291	353.92
.27950	507.96
.32608	688.55
.37266	894.87
.41925	1125.88
.46583	1380.29
.51242	1656.59
.55900	1952.97
.60558	2267.34
.65217	2597.29
.69875	2940.14
.74533	3292.9
.79192	3652.3
.83850	4014.85
.88509	4376.85
.93167	4734.5
