-.92000	6566.72
-.87400	5939.83
-.82800	5333.23
-.78200	4751.66
-.73600	4198.83
-.69000	3677.54
-.64400	3189.79
-.59800	2736.9
-.55200	2319.65
-.50600	1938.36
-.46000	1593
-.41400	1283.25
-.36800	1008.62
-.32200	768.47
-.27600	562.12
-.23000	388.87
-.18400	248.08
-.13800	139.19
-.12880	121.2
-.11960	104.46
-.11040	88.97
-.10120	74.74
-.09200	61.75
-.08280	50
-.07360	39.5
-.06440	30.24
-.05520	22.21
-.04600	15.42
-.03680	9.87
-.02760	5.55
-.01840	2.47
-.00920	0.62
0	0
0	0
.00920	0.62
.01840	2.47
.02760	5.55
.03680	9.87
.04600	15.42
.05520	22.21
.06440	30.24
.07360	39.5
.08280	50
.09200	61.75
.10120	74.74
.11040	88.97
.11960	104.46
.12880	121.2
.13800	139.19
.18400	248.08
.23000	388.87
.27600	562.12
.32200	768.47
.36800	1008.62
.41400	1283.25
.46000	1593
.50600	1938.36
.55200	2319.65
.59800	2736.9
.64400	3189.79
.69000	3677.54
.73600	4198.83
.78200	4751.66
.82800	5333.23
.87400	5939.83
.92000	6566.72
