-.94600	5629.27
-.89870	5083.1
-.85140	4556.03
-.80410	4052.16
-.75680	3574.63
-.70950	3125.72
-.66220	2706.96
-.61490	2319.3
-.56760	1963.16
-.52030	1638.57
-.47300	1345.27
-.42570	1082.76
-.37840	850.42
-.33110	647.54
-.28380	473.42
-.23650	327.37
-.18920	208.77
-.14190	117.11
-.13244	101.97
-.12298	87.88
-.11352	74.85
-.10406	62.87
-.09460	51.94
-.08514	42.06
-.07568	33.22
-.06622	25.44
-.05676	18.68
-.04730	12.97
-.03784	8.3
-.02838	4.67
-.01892	2.08
-.00946	0.52
0	0
0	0
.00946	0.52
.01892	2.08
.02838	4.67
.03784	8.3
.04730	12.97
.05676	18.68
.06622	25.44
.07568	33.22
.08514	42.06
.09460	51.94
.10406	62.87
.11352	74.85
.12298	87.88
.13244	101.97
.14190	117.11
.18920	208.77
.23650	327.37
.28380	473.42
.33110	647.54
.37840	850.42
.42570	1082.76
.47300	1345.27
.52030	1638.57
.56760	1963.16
.61490	2319.3
.66220	2706.96
.70950	3125.72
.75680	3574.63
.80410	4052.16
.85140	4556.03
.89870	5083.1
.94600	5629.27
