-.94600	11455.7
-.89870	9690.74
-.85140	8166.2
-.80410	6849.17
-.75680	5713.54
-.70950	4737.21
-.66220	3900.66
-.61490	3186.44
-.56760	2578.92
-.52030	2064.25
-.47300	1630.23
-.42570	1266.2
-.37840	962.9
-.33110	712.38
-.28380	507.89
-.23650	343.77
-.18920	215.41
-.14190	119.19
-.13244	103.55
-.12298	89.05
-.11352	75.7
-.10406	63.47
-.09460	52.35
-.08514	42.33
-.07568	33.39
-.06622	25.53
-.05676	18.74
-.04730	13
-.03784	8.31
-.02838	4.68
-.01892	2.08
-.00946	0.52
0	0
0	0
.00946	0.52
.01892	2.08
.02838	4.68
.03784	8.31
.04730	13
.05676	18.74
.06622	25.53
.07568	33.39
.08514	42.33
.09460	52.35
.10406	63.47
.11352	75.7
.12298	89.05
.13244	103.55
.14190	119.19
.18920	215.41
.23650	343.77
.28380	507.89
.33110	712.38
.37840	962.9
.42570	1266.2
.47300	1630.23
.52030	2064.25
.56760	2578.92
.61490	3186.44
.66220	3900.66
.70950	4737.21
.75680	5713.54
.80410	6849.17
.85140	8166.2
.89870	9690.74
.94600	11455.7
