-.94600	4354.68
-.89870	4021.3
-.85140	3684.73
-.80410	3348.49
-.75680	3015.96
-.70950	2690.31
-.66220	2374.47
-.61490	2071.11
-.56760	1782.61
-.52030	1511.05
-.47300	1258.27
-.42570	1025.81
-.37840	814.97
-.33110	626.83
-.28380	462.28
-.23650	322.02
-.18920	206.59
-.14190	116.42
-.13244	101.45
-.12298	87.49
-.11352	74.57
-.10406	62.67
-.09460	51.81
-.08514	41.97
-.07568	33.17
-.06622	25.4
-.05676	18.67
-.04730	12.97
-.03784	8.3
-.02838	4.67
-.01892	2.08
-.00946	0.52
0	0
0	0
.00946	0.52
.01892	2.08
.02838	4.67
.03784	8.3
.04730	12.97
.05676	18.67
.06622	25.4
.07568	33.17
.08514	41.97
.09460	51.81
.10406	62.67
.11352	74.57
.12298	87.49
.13244	101.45
.14190	116.42
.18920	206.59
.23650	322.02
.28380	462.28
.33110	626.83
.37840	814.97
.42570	1025.81
.47300	1258.27
.52030	1511.05
.56760	1782.61
.61490	2071.11
.66220	2374.47
.70950	2690.31
.75680	3015.96
.80410	3348.49
.85140	3684.73
.89870	4021.3
.94600	4354.68
