-.97000	3714.24
-.92150	3426.17
-.87300	3135.85
-.82450	2846.39
-.77600	2560.73
-.72750	2281.58
-.67900	2011.44
-.63050	1752.53
-.58200	1506.84
-.53350	1276.05
-.48500	1061.63
-.43650	864.8
-.38800	686.56
-.33950	527.74
-.29100	389
-.24250	270.86
-.19400	173.71
-.14550	97.86
-.13580	85.27
-.12610	73.54
-.11640	62.67
-.10670	52.67
-.09700	43.54
-.08730	35.27
-.07760	27.88
-.06790	21.35
-.05820	15.69
-.04850	10.89
-.03880	6.97
-.02910	3.92
-.01940	1.74
-.00970	0.44
0	0
0	0
.00970	0.44
.01940	1.74
.02910	3.92
.03880	6.97
.04850	10.89
.05820	15.69
.06790	21.35
.07760	27.88
.08730	35.27
.09700	43.54
.10670	52.67
.11640	62.67
.12610	73.54
.13580	85.27
.14550	97.86
.19400	173.71
.24250	270.86
.29100	389
.33950	527.74
.38800	686.56
.43650	864.8
.48500	1061.63
.53350	1276.05
.58200	1506.84
.63050	1752.53
.67900	2011.44
.72750	2281.58
.77600	2560.73
.82450	2846.39
.87300	3135.85
.92150	3426.17
.97000	3714.24
