-.96020	5145.53
-.91219	4644.29
-.86418	4160.58
-.81617	3698.34
-.76816	3260.52
-.72015	2849.28
-.67214	2466.02
-.62413	2111.57
-.57612	1786.28
-.52811	1490.12
-.48010	1222.77
-.43209	983.7
-.38408	772.29
-.33607	587.83
-.28806	429.63
-.24005	297.01
-.19204	189.37
-.14403	106.21
-.13442	92.47
-.12482	79.69
-.11522	67.88
-.10562	57.01
-.09602	47.1
-.08641	38.14
-.07681	30.13
-.06721	23.07
-.05761	16.94
-.04801	11.77
-.03840	7.53
-.02880	4.24
-.01920	1.89
-.00960	0.48
0	0
0	0
.00960	0.48
.01920	1.89
.02880	4.24
.03840	7.53
.04801	11.77
.05761	16.94
.06721	23.07
.07681	30.13
.08641	38.14
.09602	47.1
.10562	57.01
.11522	67.88
.12482	79.69
.13442	92.47
.14403	106.21
.19204	189.37
.24005	297.01
.28806	429.63
.33607	587.83
.38408	772.29
.43209	983.7
.48010	1222.77
.52811	1490.12
.57612	1786.28
.62413	2111.57
.67214	2466.02
.72015	2849.28
.76816	3260.52
.81617	3698.34
.86418	4160.58
.91219	4644.29
.96020	5145.53
