-.96020	10718.6
-.91219	9045.75
-.86418	7601.44
-.81617	6356.56
-.76816	5286.92
-.72015	4371.09
-.67214	3589.68
-.62413	2925.26
-.57612	2362.31
-.52811	1887.14
-.48010	1487.79
-.43209	1153.85
-.38408	876.38
-.33607	647.72
-.28806	461.42
-.24005	312.11
-.19204	195.48
-.14403	108.12
-.13442	93.92
-.12482	80.77
-.11522	68.66
-.10562	57.56
-.09602	47.48
-.08641	38.39
-.07681	30.28
-.06721	23.16
-.05761	16.99
-.04801	11.79
-.03840	7.54
-.02880	4.24
-.01920	1.89
-.00960	0.48
0	0
0	0
.00960	0.48
.01920	1.89
.02880	4.24
.03840	7.54
.04801	11.79
.05761	16.99
.06721	23.16
.07681	30.28
.08641	38.39
.09602	47.48
.10562	57.56
.11522	68.66
.12482	80.77
.13442	93.92
.14403	108.12
.19204	195.48
.24005	312.11
.28806	461.42
.33607	647.72
.38408	876.38
.43209	1153.85
.48010	1487.79
.52811	1887.14
.57612	2362.31
.62413	2925.26
.67214	3589.68
.72015	4371.09
.76816	5286.92
.81617	6356.56
.86418	7601.44
.91219	9045.75
.96020	10718.6
