-.97000	4805.09
-.92150	4335.39
-.87300	3882.17
-.82450	3449.2
-.77600	3039.32
-.72750	2654.56
-.67900	2296.25
-.63050	1965.16
-.58200	1661.55
-.53350	1385.37
-.48500	1136.26
-.43650	913.69
-.38800	717.02
-.33950	545.56
-.29100	398.59
-.24250	275.47
-.19400	175.59
-.14550	98.46
-.13580	85.72
-.12610	73.88
-.11640	62.92
-.10670	52.85
-.09700	43.66
-.08730	35.35
-.07760	27.92
-.06790	21.38
-.05820	15.7
-.04850	10.9
-.03880	6.98
-.02910	3.92
-.01940	1.74
-.00970	0.44
0	0
0	0
.00970	0.44
.01940	1.74
.02910	3.92
.03880	6.98
.04850	10.9
.05820	15.7
.06790	21.38
.07760	27.92
.08730	35.35
.09700	43.66
.10670	52.85
.11640	62.92
.12610	73.88
.13580	85.72
.14550	98.46
.19400	175.59
.24250	275.47
.29100	398.59
.33950	545.56
.38800	717.02
.43650	913.69
.48500	1136.26
.53350	1385.37
.58200	1661.55
.63050	1965.16
.67900	2296.25
.72750	2654.56
.77600	3039.32
.82450	3449.2
.87300	3882.17
.92150	4335.39
.97000	4805.09
