-.97000	7501.63
-.92150	6709.5
-.87300	5950.15
-.82450	5230.64
-.77600	4556.58
-.72750	3931.86
-.67900	3358.63
-.63050	2837.59
-.58200	2368.23
-.53350	1949.2
-.48500	1578.51
-.43650	1253.79
-.38800	972.45
-.33950	731.85
-.29100	529.39
-.24250	362.66
-.19400	229.45
-.14550	127.88
-.13580	111.23
-.12610	95.77
-.11640	81.49
-.10670	68.39
-.09700	56.45
-.08730	45.68
-.07760	36.05
-.06790	27.58
-.05820	20.25
-.04850	14.05
-.03880	8.99
-.02910	5.05
-.01940	2.24
-.00970	0.56
0	0
0	0
.00970	0.56
.01940	2.24
.02910	5.05
.03880	8.99
.04850	14.05
.05820	20.25
.06790	27.58
.07760	36.05
.08730	45.68
.09700	56.45
.10670	68.39
.11640	81.49
.12610	95.77
.13580	111.23
.14550	127.88
.19400	229.45
.24250	362.66
.29100	529.39
.33950	731.85
.38800	972.45
.43650	1253.79
.48500	1578.51
.53350	1949.2
.58200	2368.23
.63050	2837.59
.67900	3358.63
.72750	3931.86
.77600	4556.58
.82450	5230.64
.87300	5950.15
.92150	6709.5
.97000	7501.63
