-.93167	8450.64
-.88509	7690.83
-.83850	6940.28
-.79192	6208.24
-.74533	5502.49
-.69875	4829.36
-.65217	4193.87
-.60558	3599.85
-.55900	3050.04
-.51242	2546.23
-.46583	2089.45
-.41925	1679.95
-.37266	1317.49
-.32608	1001.37
-.27950	730.69
-.23291	504.29
-.18633	321.02
-.13975	179.79
-.13043	156.51
-.12111	134.84
-.11180	114.82
-.10248	96.42
-.09316	79.64
-.08385	64.48
-.07453	50.92
-.06521	38.97
-.05590	28.62
-.04658	19.87
-.03726	12.71
-.02795	7.15
-.01863	3.18
-.00931	0.79
0	0
0	0
.00931	0.79
.01863	3.18
.02795	7.15
.03726	12.71
.04658	19.87
.05590	28.62
.06521	38.97
.07453	50.92
.08385	64.48
.09316	79.64
.10248	96.42
.11180	114.82
.12111	134.84
.13043	156.51
.13975	179.79
.18633	321.02
.23291	504.29
.27950	730.69
.32608	1001.37
.37266	1317.49
.41925	1679.95
.46583	2089.45
.51242	2546.23
.55900	3050.04
.60558	3599.85
.65217	4193.87
.69875	4829.36
.74533	5502.49
.79192	6208.24
.83850	6940.28
.88509	7690.83
.93167	8450.64
