-.94600	7715.52
-.89870	7006.56
-.85140	6308.34
-.80410	5629.79
-.75680	4978.15
-.70950	4359.11
-.66220	3776.98
-.61490	3234.89
-.56760	2734.99
-.52030	2278.55
-.47300	1866.11
-.42570	1497.57
-.37840	1172.39
-.33110	889.63
-.28380	648.19
-.23650	446.77
-.18920	284.09
-.14190	158.97
-.13244	138.36
-.12298	119.19
-.11352	101.48
-.10406	85.2
-.09460	70.37
-.08514	56.97
-.07568	44.99
-.06622	34.43
-.05676	25.28
-.04730	17.55
-.03784	11.23
-.02838	6.32
-.01892	2.81
-.00946	0.7
0	0
0	0
.00946	0.7
.01892	2.81
.02838	6.32
.03784	11.23
.04730	17.55
.05676	25.28
.06622	34.43
.07568	44.99
.08514	56.97
.09460	70.37
.10406	85.2
.11352	101.48
.12298	119.19
.13244	138.36
.14190	158.97
.18920	284.09
.23650	446.77
.28380	648.19
.33110	889.63
.37840	1172.39
.42570	1497.57
.47300	1866.11
.52030	2278.55
.56760	2734.99
.61490	3234.89
.66220	3776.98
.70950	4359.11
.75680	4978.15
.80410	5629.79
.85140	6308.34
.89870	7006.56
.94600	7715.2
