-.93167	16481.4
-.88509	14016.2
-.83850	11847.1
-.79192	9958.26
-.74533	8325.71
-.69875	6921.32
-.65217	5716.97
-.60558	4686.8
-.55900	3807.91
-.51242	3060.38
-.46583	2427
-.41925	1892.92
-.37266	1445.39
-.32608	1073.54
-.27950	768.22
-.23291	521.76
-.18633	327.94
-.13975	181.92
-.13043	158.1
-.12111	136.03
-.11180	115.68
-.10248	97.03
-.09316	80.06
-.08385	64.75
-.07453	51.09
-.06521	39.07
-.05590	28.68
-.04658	19.9
-.03726	12.72
-.02795	7.15
-.01863	3.18
-.00931	0.79
0	0
0	0
.00931	0.79
.01863	3.18
.02795	7.15
.03726	12.72
.04658	19.9
.05590	28.68
.06521	39.07
.07453	51.09
.08385	64.75
.09316	80.06
.10248	97.03
.11180	115.68
.12111	136.03
.13043	158.1
.13975	181.92
.18633	327.94
.23291	521.76
.27950	768.22
.32608	1073.54
.37266	1445.39
.41925	1892.92
.46583	2427
.51242	3060.38
.55900	3807.91
.60558	4686.8
.65217	5716.97
.69875	6921.32
.74533	8325.71
.79192	9958.26
.83850	11847.1
.88509	14016.2
.93167	16481.4
