-.95180	7422.14
-.90421	6737.44
-.85662	6063.23
-.80903	5408.04
-.76144	4778.99
-.71385	4181.73
-.66626	3620.52
-.61867	3098.45
-.57108	2617.55
-.52349	2178.98
-.47590	1783.19
-.42831	1429.97
-.38072	1118.68
-.33313	848.33
-.28554	617.73
-.23795	425.56
-.19036	270.48
-.14277	151.3
-.13325	131.68
-.12373	113.43
-.11421	96.57
-.10469	81.08
-.09518	66.96
-.08566	54.2
-.07614	42.8
-.06662	32.75
-.05710	24.05
-.04759	16.7
-.03807	10.68
-.02855	6.01
-.01903	2.67
-.00951	0.67
0	0
0	0
.00951	0.67
.01903	2.67
.02855	6.01
.03807	10.68
.04759	16.7
.05710	24.05
.06662	32.75
.07614	42.8
.08566	54.2
.09518	66.96
.10469	81.08
.11421	96.57
.12373	113.43
.13325	131.68
.14277	151.3
.19036	270.48
.23795	425.56
.28554	617.73
.33313	848.33
.38072	1118.68
.42831	1429.97
.47590	1783.19
.52349	2178.98
.57108	2617.55
.61867	3098.45
.66626	3620.52
.71385	4181.73
.76144	4778.99
.80903	5408.04
.85662	6063.23
.90421	6737.44
.95180	7422.14
