-.92000	9119.44
-.87400	8314.17
-.82800	7515.71
-.78200	6734.32
-.73600	5978.64
-.69000	5255.79
-.64400	4571.47
-.59800	3930.08
-.55200	3334.88
-.50600	2788.11
-.46000	2291.16
-.41400	1844.61
-.36800	1448.46
-.32200	1102.25
-.27600	805.19
-.23000	556.28
-.18400	354.44
-.13800	198.66
-.12880	172.95
-.11960	149.03
-.11040	126.91
-.10120	106.58
-.09200	88.05
-.08280	71.29
-.07360	56.31
-.06440	43.1
-.05520	31.66
-.04600	21.98
-.03680	14.07
-.02760	7.91
-.01840	3.52
-.00920	0.88
0	0
0	0
.00920	0.88
.01840	3.52
.02760	7.91
.03680	14.07
.04600	21.98
.05520	31.66
.06440	43.1
.07360	56.31
.08280	71.29
.09200	88.05
.10120	106.58
.11040	126.91
.11960	149.03
.12880	172.95
.13800	198.66
.18400	354.44
.23000	556.28
.27600	805.19
.32200	1102.25
.36800	1448.46
.41400	1844.61
.46000	2291.16
.50600	2788.11
.55200	3334.88
.59800	3930.08
.64400	4571.47
.69000	5255.79
.73600	5978.64
.78200	6734.32
.82800	7515.71
.87400	8314.17
.92000	9119.44
