-.92000	10414
-.87400	9392.67
-.82800	8396.52
-.78200	7440.83
-.73600	6534.59
-.69000	5684.51
-.64400	4894.98
-.59800	4168.49
-.55200	3506
-.50600	2907.32
-.46000	2371.34
-.41400	1896.35
-.36800	1480.2
-.32200	1120.53
-.27600	814.88
-.23000	560.87
-.18400	356.28
-.13800	199.23
-.12880	173.38
-.11960	149.36
-.11040	127.16
-.10120	106.76
-.09200	88.16
-.08280	71.37
-.07360	56.35
-.06440	43.13
-.05520	31.67
-.04600	21.99
-.03680	14.07
-.02760	7.91
-.01840	3.52
-.00920	0.88
0	0
0	0
.00920	0.88
.01840	3.52
.02760	7.91
.03680	14.07
.04600	21.99
.05520	31.67
.06440	43.13
.07360	56.35
.08280	71.37
.09200	88.16
.10120	106.76
.11040	127.16
.11960	149.36
.12880	173.38
.13800	199.23
.18400	356.28
.23000	560.87
.27600	814.88
.32200	1120.53
.36800	1480.2
.41400	1896.35
.46000	2371.34
.50600	2907.32
.55200	3506
.59800	4168.49
.64400	4894.98
.69000	5684.51
.73600	6534.59
.78200	7440.83
.82800	8396.52
.87400	9392.67
.92000	10414
