-.91500	10731.7
-.86925	9689.57
-.82350	8670.15
-.77775	7690.39
-.73200	6759.73
-.68625	5885.37
-.64050	5072.06
-.59475	4322.67
-.54900	3638.38
-.50325	3019.22
-.45750	2464.25
-.41175	1971.87
-.36600	1540.03
-.32025	1166.43
-.27450	848.66
-.22875	584.37
-.18300	371.36
-.13725	207.72
-.12810	180.78
-.11895	155.74
-.10980	132.6
-.10065	111.34
-.09150	91.95
-.08235	74.43
-.07320	58.77
-.06405	44.98
-.05490	33.03
-.04575	22.93
-.03660	14.67
-.02745	8.25
-.01830	3.67
-.00915	0.92
0	0
0	0
.00915	0.92
.01830	3.67
.02745	8.25
.03660	14.67
.04575	22.93
.05490	33.03
.06405	44.98
.07320	58.77
.08235	74.43
.09150	91.95
.10065	111.34
.10980	132.6
.11895	155.74
.12810	180.78
.13725	207.72
.18300	371.36
.22875	584.37
.27450	848.66
.32025	1166.43
.36600	1540.03
.41175	1971.87
.45750	2464.25
.50325	3019.22
.54900	3638.38
.59475	4322.67
.64050	5072.06
.68625	5885.37
.73200	6759.73
.77775	7690.39
.82350	8670.15
.86925	9689.57
.91500	10731.7
