-.94600	15225
-.89870	12887.8
-.85140	10847.3
-.80410	9083.99
-.75680	7569.33
-.70950	6272.85
-.66220	5165.87
-.61490	4222.84
-.56760	3421.53
-.52030	2742.72
-.47300	2169.84
-.42570	1688.62
-.37840	1286.86
-.33110	954.14
-.28380	681.74
-.23650	462.4
-.18920	290.29
-.14190	160.88
-.13244	139.8
-.12298	120.27
-.11352	102.26
-.10406	85.76
-.09460	70.75
-.08514	57.22
-.07568	45.14
-.06622	34.52
-.05676	25.33
-.04730	17.58
-.03784	11.24
-.02838	6.32
-.01892	2.81
-.00946	0.7
0	0
0	0
.00946	0.7
.01892	2.81
.02838	6.32
.03784	11.24
.04730	17.58
.05676	25.33
.06622	34.52
.07568	45.14
.08514	57.22
.09460	70.75
.10406	85.76
.11352	102.26
.12298	120.27
.13244	139.8
.14190	160.88
.18920	290.29
.23650	462.4
.28380	681.74
.33110	954.14
.37840	1286.86
.42570	1688.62
.47300	2169.84
.52030	2742.72
.56760	3421.53
.61490	4222.84
.66220	5165.87
.70950	6272.85
.75680	7569.33
.80410	9083.99
.85140	10847.3
.89870	12887.8
.94600	15225
