-.93167	9690.8
-.88509	8718.47
-.83850	7776.33
-.79192	6876.24
-.74533	6026.13
-.69875	5231.65
-.65217	4496.3
-.60558	3821.88
-.55900	3208.79
-.51242	2656.38
-.46583	2163.25
-.41925	1727.38
-.37266	1346.47
-.32608	1018.02
-.27950	739.48
-.23291	508.45
-.18633	322.69
-.13975	180.31
-.13043	156.89
-.12111	135.14
-.11180	115.04
-.10248	96.57
-.09316	79.74
-.08385	64.55
-.07453	50.96
-.06521	39
-.05590	28.64
-.04658	19.88
-.03726	12.72
-.02795	7.15
-.01863	3.18
-.00931	0.79
0	0
0	0
.00931	0.79
.01863	3.18
.02795	7.15
.03726	12.72
.04658	19.88
.05590	28.64
.06521	39
.07453	50.96
.08385	64.55
.09316	79.74
.10248	96.57
.11180	115.04
.12111	135.14
.13043	156.89
.13975	180.31
.18633	322.69
.23291	508.45
.27950	739.48
.32608	1018.02
.37266	1346.47
.41925	1727.38
.46583	2163.25
.51242	2656.38
.55900	3208.79
.60558	3821.88
.65217	4496.3
.69875	5231.65
.74533	6026.13
.79192	6876.24
.83850	7776.33
.88509	8718.47
.93167	9690.8
