-.91500	18039
-.86925	15421.6
-.82350	13098.6
-.77775	11057.8
-.73200	9280.96
-.68625	7743.31
-.64050	6417.98
-.59475	5279.02
-.54900	4302.88
-.50325	3468.86
-.45750	2758.96
-.41175	2157.65
-.36600	1651.59
-.32025	1229.38
-.27450	881.42
-.22875	599.62
-.18300	377.39
-.13725	209.58
-.12810	182.18
-.11895	156.78
-.10980	133.35
-.10065	111.86
-.09150	92.31
-.08235	74.67
-.07320	58.93
-.06405	45.07
-.05490	33.08
-.04575	22.95
-.03660	14.68
-.02745	8.25
-.01830	3.67
-.00915	0.92
0	0
0	0
.00915	0.92
.01830	3.67
.02745	8.25
.03660	14.68
.04575	22.95
.05490	33.08
.06405	45.07
.07320	58.93
.08235	74.67
.09150	92.31
.10065	111.86
.10980	133.35
.11895	156.78
.12810	182.18
.13725	209.58
.18300	377.39
.22875	599.62
.27450	881.42
.32025	1229.38
.36600	1651.59
.41175	2157.65
.45750	2758.96
.50325	3468.86
.54900	4302.88
.59475	5279.02
.64050	6417.98
.68625	7743.31
.73200	9280.96
.77775	11057.8
.82350	13098.6
.86925	15421.6
.91500	18039
