-.92000	17565.6
-.87400	14993.6
-.82800	12716.5
-.78200	10721.4
-.73600	8988.15
-.69000	7491.02
-.64400	6202.61
-.59800	5096.9
-.55200	4150.53
-.50600	3343.01
-.46000	2656.59
-.41400	2075.93
-.36800	1587.87
-.32200	1181.18
-.27600	846.38
-.23000	575.5
-.18400	362.06
-.13800	201
-.12880	174.72
-.11960	150.35
-.11040	127.87
-.10120	107.26
-.09200	88.51
-.08280	71.6
-.07360	56.5
-.06440	43.21
-.05520	31.71
-.04600	22.01
-.03680	14.08
-.02760	7.92
-.01840	3.52
-.00920	0.88
0	0
0	0
.00920	0.88
.01840	3.52
.02760	7.92
.03680	14.08
.04600	22.01
.05520	31.71
.06440	43.21
.07360	56.5
.08280	71.6
.09200	88.51
.10120	107.26
.11040	127.87
.11960	150.35
.12880	174.72
.13800	201
.18400	362.06
.23000	575.5
.27600	846.38
.32200	1181.18
.36800	1587.87
.41400	2075.93
.46000	2656.59
.50600	3343.01
.55200	4150.53
.59800	5096.9
.64400	6202.61
.69000	7491.02
.73600	8988.15
.78200	10721.4
.82800	12716.5
.87400	14993.6
.92000	17565.6
