-.92500	8829.56
-.87875	8043.85
-.83250	7266.03
-.78625	6505.93
-.74000	5771.82
-.69375	5070.47
-.64750	4407.29
-.60125	3786.42
-.55500	3210.9
-.50875	2682.78
-.46250	2203.28
-.41625	1772.83
-.37000	1391.35
-.32375	1058.24
-.27750	772.67
-.23125	533.57
-.18500	339.83
-.13875	190.41
-.12950	165.76
-.12025	142.82
-.11100	121.62
-.10175	102.14
-.09250	84.37
-.08325	68.31
-.07400	53.96
-.06475	41.29
-.05550	30.33
-.04625	21.06
-.03700	13.48
-.02775	7.58
-.01850	3.37
-.00925	0.84
0	0
0	0
.00925	0.84
.01850	3.37
.02775	7.58
.03700	13.48
.04625	21.06
.05550	30.33
.06475	41.29
.07400	53.96
.08325	68.31
.09250	84.37
.10175	102.14
.11100	121.62
.12025	142.82
.12950	165.76
.13875	190.41
.18500	339.83
.23125	533.57
.27750	772.67
.32375	1058.24
.37000	1391.35
.41625	1772.83
.46250	2203.28
.50875	2682.78
.55500	3210.9
.60125	3786.42
.64750	4407.29
.69375	5070.47
.74000	5771.82
.78625	6505.93
.83250	7266.03
.87875	8043.85
.92500	8829.56
